Word,Total,Margot,Elly,Difference
dominickleskiwphotographyandart,1,0,1,-1
singles,8,4,4,0
portioned,1,1,0,1
hasn,129,44,85,-41
shits,2,2,0,2
precariously,3,0,3,-3
ohhmmm,2,2,0,2
sydney,11,11,0,11
coeloveonearth,1,1,0,1
green,175,63,112,-49
prequel,4,2,2,0
sappy,3,2,1,1
swayze,1,1,0,1
indisposed,1,1,0,1
adaption,1,0,1,-1
methylated,2,0,2,-2
delete,20,6,14,-8
bred,4,0,4,-4
honk,2,2,0,2
gutters,2,0,2,-2
destroyah,1,1,0,1
ritter,1,1,0,1
heyy,5,5,0,5
concluded,2,1,1,0
hugeeee,3,3,0,3
cite,4,3,1,2
drake,1,0,1,-1
railed,1,1,0,1
zero,69,37,32,5
numbers,79,44,35,9
gravity,1,0,1,-1
classically,4,0,4,-4
fta,1,1,0,1
substantially,3,1,2,-1
shark,49,25,24,1
sweeten,1,0,1,-1
detransitioned,1,1,0,1
hanks,1,1,0,1
capitalized,1,0,1,-1
wenatchee,13,0,13,-13
para,3,3,0,3
therahoodie,3,3,0,3
noooo,7,6,1,5
clinging,3,0,3,-3
mint,1,0,1,-1
fundamentalist,1,1,0,1
eoahhh,1,1,0,1
copies,6,2,4,-2
slay,97,96,1,95
anticipated,2,2,0,2
girlhood,1,1,0,1
hypotheticals,5,4,1,3
writing,57,24,33,-9
craters,1,0,1,-1
midi,21,4,17,-13
gamplay,1,1,0,1
pleaseeeee,1,1,0,1
uncross,1,1,0,1
theory,95,43,52,-9
robot,25,9,16,-7
president,1,0,1,-1
simile,1,0,1,-1
curve,12,2,10,-8
relatives,2,1,1,0
bennett,1,0,1,-1
resistance,5,2,3,-1
charm,11,9,2,7
expectancy,1,0,1,-1
buzzword,1,1,0,1
kaya,1,0,1,-1
tears,4,4,0,4
agree,387,210,177,33
honest,57,45,12,33
philybowden,1,0,1,-1
adcc,1,1,0,1
immmmm,1,1,0,1
catahoula,2,0,2,-2
relic,1,1,0,1
narrows,2,2,0,2
marjane,1,1,0,1
ily,1,1,0,1
bench,43,13,30,-17
across,88,26,62,-36
leftovers,1,0,1,-1
inspects,1,0,1,-1
bognanno,1,1,0,1
sooooooooooo,1,1,0,1
deadline,3,0,3,-3
hypertrophy,1,0,1,-1
celebration,2,2,0,2
redundancy,1,1,0,1
feral,3,3,0,3
essentially,27,6,21,-15
hooks,16,5,11,-6
realization,15,9,6,3
renovated,1,0,1,-1
inadvertently,3,3,0,3
allegations,5,5,0,5
tonight,114,76,38,38
overcompensated,1,0,1,-1
crumbling,1,1,0,1
catholic,14,11,3,8
stricter,2,1,1,0
los,5,5,0,5
proved,1,1,0,1
grant,7,4,3,1
theorize,2,1,1,0
cezzy,1,1,0,1
unresolved,1,0,1,-1
albuquerque,3,1,2,-1
isabella,2,0,2,-2
intentionally,32,14,18,-4
grunt,1,0,1,-1
oklahoma,2,1,1,0
colony,4,4,0,4
peception,1,1,0,1
budcaptimer,3,0,3,-3
tags,4,3,1,2
bleedout,1,0,1,-1
didnt,27,25,2,23
audiologist,1,1,0,1
detector,2,2,0,2
penelope,14,4,10,-6
projector,1,1,0,1
redefining,2,2,0,2
hypochondria,1,1,0,1
reassuring,3,2,1,1
cyanged,1,0,1,-1
pallets,1,0,1,-1
preliminarily,1,0,1,-1
decreased,3,1,2,-1
toned,3,1,2,-1
toilets,14,1,13,-12
marybethbarone,1,0,1,-1
millie,6,3,3,0
modification,1,1,0,1
demonic,1,1,0,1
pituitary,2,0,2,-2
physical,48,26,22,4
calendar,35,18,17,1
cockroachs,1,0,1,-1
bullet,4,3,1,2
easily,50,25,25,0
scowls,1,0,1,-1
paradoxical,1,1,0,1
chads,2,1,1,0
catalogued,1,1,0,1
mindful,1,1,0,1
betad,1,1,0,1
navigation,6,0,6,-6
blinds,8,3,5,-2
adamant,1,1,0,1
xandra,1,1,0,1
uk,7,2,5,-3
oof,5,4,1,3
switchbacks,2,1,1,0
foxx,1,0,1,-1
lure,3,0,3,-3
resting,6,1,5,-4
referencing,7,3,4,-1
wonderfully,2,1,1,0
tripping,2,2,0,2
organically,2,1,1,0
prepper,2,1,1,0
oxymoron,1,1,0,1
week,454,120,334,-214
sleep,132,69,63,6
woahhh,4,4,0,4
electrical,37,12,25,-13
tsa,2,0,2,-2
petite,2,2,0,2
rented,1,0,1,-1
deadname,7,6,1,5
shapiro,2,2,0,2
lat,3,1,2,-1
arb,2,0,2,-2
littlest,1,0,1,-1
rating,18,7,11,-4
dicks,1,1,0,1
video,439,143,296,-153
channel,5,2,3,-1
bumps,9,2,7,-5
spotifys,1,1,0,1
fleetwith,6,0,6,-6
player,2,1,1,0
dumbness,1,1,0,1
unneeded,2,2,0,2
gaze,1,1,0,1
yanked,4,0,4,-4
aritzia,1,1,0,1
crate,8,2,6,-4
seafoam,2,0,2,-2
himself,127,39,88,-49
deposits,1,0,1,-1
accurate,21,11,10,1
ari,2,0,2,-2
angie,6,0,6,-6
ultra,10,4,6,-2
reversed,5,3,2,1
shrinks,1,1,0,1
dbfc,1,1,0,1
balaclava,1,1,0,1
swap,20,14,6,8
circumstance,5,1,4,-3
squares,4,2,2,0
hands,83,40,43,-3
hyper,12,9,3,6
mics,1,1,0,1
chloride,2,0,2,-2
follows,14,8,6,2
automate,1,1,0,1
yachts,2,0,2,-2
mention,53,21,32,-11
grind,2,2,0,2
uswnt,1,0,1,-1
coulda,2,2,0,2
eabe,1,1,0,1
seeing,143,83,60,23
earth,14,8,6,2
aeroplane,2,2,0,2
receiving,9,4,5,-1
meowed,1,1,0,1
burlesque,1,1,0,1
seinfeld,1,1,0,1
report,28,11,17,-6
diet,11,3,8,-5
penetrated,3,2,1,1
sonnets,3,0,3,-3
photo,159,53,106,-53
zizi,3,2,1,1
sudden,21,7,14,-7
nih,1,1,0,1
qualifiers,2,1,1,0
muscle,12,9,3,6
angered,2,0,2,-2
professionally,7,6,1,5
diamondis,1,1,0,1
trees,28,19,9,10
switches,4,2,2,0
nickknacks,1,1,0,1
blessed,3,1,2,-1
workshop,3,1,2,-1
fling,1,1,0,1
discovering,3,1,2,-1
foundations,1,0,1,-1
delighted,5,5,0,5
reenter,1,0,1,-1
cassandra,1,1,0,1
valet,2,2,0,2
scandalous,2,2,0,2
whatnot,3,1,2,-1
babydoll,1,0,1,-1
barnouw,2,0,2,-2
tofay,1,0,1,-1
instigating,1,0,1,-1
shortcut,1,1,0,1
groomers,4,0,4,-4
impromptu,1,0,1,-1
evaluation,1,1,0,1
brainless,1,1,0,1
vampire,9,4,5,-1
strictly,8,0,8,-8
duration,3,1,2,-1
inquire,1,0,1,-1
thing,1921,950,971,-21
sinks,2,1,1,0
discerning,2,1,1,0
texted,123,52,71,-19
xibala,1,1,0,1
stanley,2,1,1,0
hypochondriac,2,1,1,0
tony,11,6,5,1
perpetuating,1,1,0,1
knowingly,3,2,1,1
can't,3,0,3,-3
lasted,6,4,2,2
acc,1,0,1,-1
digger,1,0,1,-1
cashier,5,0,5,-5
harmed,3,2,1,1
chain,20,10,10,0
backgrounds,1,1,0,1
incidental,1,1,0,1
interjects,4,0,4,-4
caretaker,1,1,0,1
apologetic,3,2,1,1
sol,1,1,0,1
eyebrows,20,5,15,-10
pickier,3,1,2,-1
ring,49,28,21,7
william,5,1,4,-3
piano,8,1,7,-6
styles,19,7,12,-5
brandon,21,3,18,-15
sooooooooo,1,1,0,1
rant,2,1,1,0
diploma,2,2,0,2
financially,5,3,2,1
gargle,1,1,0,1
breath,10,3,7,-4
disdain,2,0,2,-2
guitar,11,5,6,-1
unremarkable,11,7,4,3
genuine,17,11,6,5
dragqueen,1,1,0,1
leavenworth,110,21,89,-68
cdcb,1,1,0,1
autistic,33,13,20,-7
prebuilt,2,1,1,0
familiarity,1,1,0,1
nptf,3,3,0,3
chem,7,0,7,-7
throne,3,2,1,1
festool,4,3,1,2
resteraunt,1,1,0,1
frotting,2,2,0,2
lab,35,10,25,-15
aloe,1,1,0,1
seicane,2,0,2,-2
milano,1,0,1,-1
fat,26,7,19,-12
matchup,1,1,0,1
esteban,20,13,7,6
wedge,2,0,2,-2
yea,18,16,2,14
standalone,1,1,0,1
stockton,1,0,1,-1
zippo,1,1,0,1
salvageable,2,1,1,0
vegetables,6,1,5,-4
bulky,3,0,3,-3
atypical,1,1,0,1
paranoid,3,1,2,-1
climbery,1,1,0,1
cinnamon,2,0,2,-2
picking,55,21,34,-13
knees,12,3,9,-6
vaccine,8,3,5,-2
bootbarn,1,0,1,-1
industrialization,1,0,1,-1
tuffy,1,1,0,1
tail,15,5,10,-5
divided,6,2,4,-2
orthodontist,3,1,2,-1
facb,1,1,0,1
decide,177,101,76,25
bourn,1,0,1,-1
width,21,4,17,-13
smoothie's,1,1,0,1
night,421,272,149,123
themountaingoats,5,3,2,1
young,72,30,42,-12
clubhouse,2,1,1,0
affinity,1,0,1,-1
polarizing,1,1,0,1
shes,11,5,6,-1
jiggly,1,0,1,-1
sense,740,331,409,-78
mae,4,1,3,-2
disparaging,2,0,2,-2
drafted,5,4,1,3
performative,6,3,3,0
becoming,23,19,4,15
welbutrin,1,0,1,-1
murray,2,2,0,2
taillight,1,1,0,1
neil,1,1,0,1
enhance,2,2,0,2
placed,8,1,7,-6
hippie,5,4,1,3
dc,43,6,37,-31
timely,2,1,1,0
joint,8,4,4,0
squeegee,3,3,0,3
epoxy,6,1,5,-4
builder,6,4,2,2
bitching,1,0,1,-1
fraying,1,0,1,-1
twilight,9,3,6,-3
yourselves,1,1,0,1
afca,1,1,0,1
south,16,4,12,-8
muddy,13,7,6,1
officially,23,14,9,5
occurred,12,0,12,-12
toothbrush,15,7,8,-1
sideburn,1,0,1,-1
essay,10,5,5,0
recreativemaddy,1,0,1,-1
differentiate,2,1,1,0
slayyyy,1,1,0,1
dash,5,4,1,3
logisitcs,2,2,0,2
logging,1,0,1,-1
reparenting,1,0,1,-1
antacids,2,0,2,-2
gymnastics,3,1,2,-1
launch,4,1,3,-2
flowy,11,8,3,5
upgrade,7,0,7,-7
he,10615,3617,6998,-3381
hide,47,17,30,-13
llc,3,1,2,-1
unchanged,4,1,3,-2
airbender,2,2,0,2
slight,12,7,5,2
pools,1,0,1,-1
trickery,2,0,2,-2
gonna,1278,501,777,-276
aadb,2,1,1,0
playtime,1,0,1,-1
nowish,1,0,1,-1
hauling,2,0,2,-2
fours,1,0,1,-1
denied,5,5,0,5
infinitely,9,9,0,9
update,115,66,49,17
projected,2,1,1,0
improvements,1,0,1,-1
voltage,3,0,3,-3
cordial,1,1,0,1
reinstalling,1,0,1,-1
concords,1,0,1,-1
late,155,62,93,-31
hacking,3,2,1,1
fibula,4,0,4,-4
significant,20,12,8,4
yayyyy,3,3,0,3
chatty,3,2,1,1
tantrums,2,0,2,-2
peaking,1,0,1,-1
curls,3,2,1,1
noun,1,0,1,-1
lining,16,2,14,-12
forgetting,24,7,17,-10
sloper,5,1,4,-3
nepotism,2,0,2,-2
commits,1,1,0,1
maximum,21,3,18,-15
riordan,3,0,3,-3
kaelan,110,8,102,-94
nv,4,1,3,-2
purest,1,1,0,1
fund,7,5,2,3
ava,14,10,4,6
eunatural,1,1,0,1
entrance,3,1,2,-1
starter,3,2,1,1
interrupting,2,0,2,-2
lilian,1,0,1,-1
clark,8,2,6,-4
cable,12,5,7,-2
ninetales,1,1,0,1
lightest,1,0,1,-1
velvet,8,3,5,-2
digital,11,6,5,1
vegan,46,29,17,12
msg,2,0,2,-2
decaf,1,0,1,-1
advertise,12,6,6,0
branched,1,0,1,-1
alley,1,1,0,1
centimeters,2,2,0,2
interchangeably,2,1,1,0
ruled,2,0,2,-2
stupider,2,0,2,-2
gameboy,2,0,2,-2
shaken,3,0,3,-3
paint,54,30,24,6
calories,10,5,5,0
cooled,1,0,1,-1
donald,1,0,1,-1
opener,9,5,4,1
pause,14,2,12,-10
combing,1,1,0,1
allotted,1,1,0,1
expected,70,25,45,-20
tweaked,1,1,0,1
thrilled,7,1,6,-5
norma,2,2,0,2
antique,2,0,2,-2
west,28,16,12,4
condition,17,8,9,-1
smother,1,0,1,-1
molecular,3,0,3,-3
gripping,1,0,1,-1
aadf,3,1,2,-1
sheep,25,10,15,-5
coaches,9,5,4,1
turbulence,5,0,5,-5
confusing,103,21,82,-61
marital,2,2,0,2
chessy,65,16,49,-33
reproduce,1,1,0,1
outgrown,1,0,1,-1
stubborn,9,2,7,-5
shaky,4,4,0,4
grounds,4,2,2,0
philosophyofmusic,2,0,2,-2
queer,77,44,33,11
goof,3,2,1,1
nameberry,2,2,0,2
graphic,14,4,10,-6
cruxes,3,0,3,-3
substance,9,7,2,5
fw,2,2,0,2
airplane,14,0,14,-14
rumfitt,1,1,0,1
vague,24,13,11,2
veto,5,3,2,1
pacing,8,4,4,0
screamed,5,3,2,1
manufacturers,2,2,0,2
inpatient,2,2,0,2
kills,3,2,1,1
halved,2,0,2,-2
bout,4,4,0,4
palets,1,1,0,1
rent,51,18,33,-15
yapper,1,1,0,1
amputation,1,0,1,-1
responded,6115,2339,3776,-1437
grayscale,1,1,0,1
newsletter,2,0,2,-2
investigating,1,0,1,-1
delusion,1,1,0,1
cringey,3,3,0,3
misguided,2,0,2,-2
cackling,2,0,2,-2
magical,7,2,5,-3
dental,9,4,5,-1
heeling,1,0,1,-1
sonyawithaj,1,0,1,-1
addendum,3,1,2,-1
notebooks,5,5,0,5
callback,2,2,0,2
dreamknit,1,1,0,1
flooring,13,3,10,-7
rather,132,53,79,-26
plated,8,3,5,-2
cylinder,4,2,2,0
alaskan,1,1,0,1
confess,5,1,4,-3
amendment,1,0,1,-1
scariest,3,2,1,1
temp,4,3,1,2
offhandedly,1,1,0,1
undesirable,2,1,1,0
revealing,6,0,6,-6
discrimination,9,3,6,-3
shayla,1,1,0,1
printer,12,6,6,0
identifies,1,1,0,1
duluthflex,1,0,1,-1
squeezing,1,0,1,-1
si,33,18,15,3
introductions,3,1,2,-1
unprofitable,1,1,0,1
foot,108,18,90,-72
u,27,18,9,9
boxdzm,1,1,0,1
require,21,11,10,1
capsules,2,2,0,2
tramautic,1,1,0,1
leavy,4,1,3,-2
chats,2,0,2,-2
blundstones,5,2,3,-1
sadder,1,0,1,-1
ccba,1,0,1,-1
airbag,2,2,0,2
surroundings,4,1,3,-2
biodiversity,1,0,1,-1
attribute,1,0,1,-1
la,75,41,34,7
marathon,39,20,19,1
immunocompromised,1,1,0,1
moods,2,1,1,0
tas,1,1,0,1
beba,1,0,1,-1
clinically,5,2,3,-1
siiri,1,1,0,1
critiques,1,0,1,-1
winds,1,0,1,-1
antigrav,2,1,1,0
pmc,2,2,0,2
leather,40,23,17,6
coo,1,1,0,1
sprinkles,2,2,0,2
tac,5,1,4,-3
collaboration,2,1,1,0
entry,9,4,5,-1
exploitation,1,1,0,1
solaria,3,0,3,-3
suitable,4,2,2,0
explodes,1,0,1,-1
granny,2,2,0,2
bookbinding,3,2,1,1
grudge,1,0,1,-1
pimpsqueak,6,3,3,0
traditional,13,6,7,-1
coincidences,1,1,0,1
affe,1,0,1,-1
block,49,31,18,13
luca,2,2,0,2
happily,25,13,12,1
humid,3,0,3,-3
mazama,1,0,1,-1
rumor,8,5,3,2
crewnecky,2,0,2,-2
jo,4,2,2,0
drained,5,3,2,1
toss,9,6,3,3
anatolian,2,0,2,-2
yeti,1,0,1,-1
assemble,1,1,0,1
tools,49,26,23,3
travelled,1,0,1,-1
era,65,30,35,-5
rey,5,0,5,-5
peanuts,11,2,9,-7
encountering,1,0,1,-1
throuples,3,1,2,-1
obsession,5,3,2,1
artificial,4,2,2,0
optometrists,1,1,0,1
cinderella,5,3,2,1
qid,3,0,3,-3
cues,3,0,3,-3
bumpers,3,1,2,-1
squatter,1,0,1,-1
jug,25,2,23,-21
flare,7,0,7,-7
suspiciously,2,0,2,-2
meteor,1,1,0,1
wasn,422,171,251,-80
sd,1,1,0,1
much,1826,911,915,-4
alert,13,8,5,3
tangles,2,0,2,-2
streamsofthought,2,0,2,-2
winnebago's,1,0,1,-1
ish,80,56,24,32
blueberries,1,1,0,1
vanbuild,2,2,0,2
repark,1,1,0,1
collabed,1,0,1,-1
lots,201,151,50,101
unscrewed,1,0,1,-1
burgundy,1,1,0,1
pregame,1,0,1,-1
eisenberg,1,1,0,1
euthanasia,3,1,2,-1
tweak,10,3,7,-4
scores,11,5,6,-1
genes,28,4,24,-20
reciprocates,1,0,1,-1
iosappmessage,2,2,0,2
clothed,2,1,1,0
portion,2,1,1,0
begged,6,4,2,2
turkey,13,4,9,-5
transvestigating,1,1,0,1
cake,2,0,2,-2
unhappiness,1,0,1,-1
transmitter,2,2,0,2
charissa,1,0,1,-1
skates,5,3,2,1
neighborhoods,1,0,1,-1
fleshed,2,0,2,-2
schumaker,1,0,1,-1
america,6,4,2,2
november,21,5,16,-11
nepotized,1,0,1,-1
dish,1,1,0,1
recreation,2,2,0,2
consider,80,46,34,12
reversal,4,2,2,0
breasts,2,2,0,2
dentist,48,23,25,-2
pledged,1,1,0,1
warped,3,3,0,3
galas,2,2,0,2
listing,38,10,28,-18
rattled,1,0,1,-1
ranked,8,3,5,-2
lee,4,4,0,4
paraphernalia,1,1,0,1
ftm,4,2,2,0
ccbd,1,1,0,1
jinx,2,2,0,2
traipsingabout,1,0,1,-1
risa,4,0,4,-4
citable,1,1,0,1
coes,5,3,2,1
tolerate,22,9,13,-4
yrphzgm,1,0,1,-1
head,336,192,144,48
secrets,19,7,12,-5
contention,2,1,1,0
tops,23,12,11,1
photography,3,1,2,-1
scare,20,6,14,-8
adorable,95,57,38,19
leas,10,10,0,10
overlapped,4,1,3,-2
ineligible,1,0,1,-1
libras,1,0,1,-1
corgi,7,1,6,-5
sensors,1,0,1,-1
thaw,1,0,1,-1
rapper,2,1,1,0
rehire,4,3,1,2
dysphorka,1,1,0,1
supervisors,1,0,1,-1
curiousity,1,1,0,1
turnover,2,1,1,0
lingers,1,0,1,-1
rid,45,7,38,-31
st,27,12,15,-3
thomas,1,1,0,1
awe,1,1,0,1
dealing,4,2,2,0
stressful,33,14,19,-5
stretched,4,1,3,-2
migraine,1,0,1,-1
retelling,2,2,0,2
sway,1,1,0,1
hiro,1,0,1,-1
hair,319,164,155,9
mason,627,472,155,317
hvtargid,1,0,1,-1
stroller,1,1,0,1
friendship,26,13,13,0
spying,3,0,3,-3
catches,5,2,3,-1
utilizing,1,1,0,1
agenda,11,3,8,-5
uncontrollably,1,1,0,1
liv,642,222,420,-198
retires,1,1,0,1
jostling,1,0,1,-1
periodize,1,0,1,-1
dodge,9,6,3,3
shaving,12,8,4,4
nepo,2,0,2,-2
boss,83,45,38,7
attributes,1,0,1,-1
skylights,2,2,0,2
shrug,1,1,0,1
terfs,4,2,2,0
copier,1,0,1,-1
maraschino,1,1,0,1
bark,41,18,23,-5
sweatshirt,32,14,18,-4
flush,4,1,3,-2
ryobi,3,3,0,3
steel,9,7,2,5
sided,3,2,1,1
nonononits,1,1,0,1
sleeper,2,2,0,2
maguire,6,1,5,-4
subaru,6,0,6,-6
basket,3,0,3,-3
complexity,1,0,1,-1
capital,9,7,2,5
doily,1,0,1,-1
lavish,1,0,1,-1
detour,3,2,1,1
afdd,1,1,0,1
grunge,2,2,0,2
afef,1,1,0,1
adaf,1,0,1,-1
keychain,3,1,2,-1
hound,1,1,0,1
unlocked,10,2,8,-6
slurred,1,1,0,1
greer,1,1,0,1
walks,62,25,37,-12
vail,7,0,7,-7
trending,3,1,2,-1
volunteers,1,0,1,-1
vibration,4,0,4,-4
disappear,3,1,2,-1
homework,24,7,17,-10
square,43,15,28,-13
nightmareish,1,1,0,1
embarrassment,7,5,2,3
bccc,1,0,1,-1
series,45,21,24,-3
workforce,1,0,1,-1
aggression,3,3,0,3
tentatively,1,1,0,1
squealing,1,1,0,1
styling,1,1,0,1
logistics,9,6,3,3
diagonally,3,1,2,-1
margotcoe,2,2,0,2
whatever,513,223,290,-67
meal,5,3,2,1
passing,12,8,4,4
trait,22,15,7,8
flap,3,1,2,-1
forces,2,0,2,-2
dallas,2,0,2,-2
neglects,1,0,1,-1
hearing,50,32,18,14
ameen,1,1,0,1
remarkable,3,2,1,1
researched,1,0,1,-1
snip,1,0,1,-1
thisiswhatiget,1,1,0,1
waisted,12,7,5,2
confronted,2,1,1,0
engineered,3,2,1,1
railing,2,1,1,0
saltair's,1,1,0,1
impactful,7,4,3,1
maxx,3,2,1,1
dilton,1,0,1,-1
max,78,30,48,-18
almond,4,1,3,-2
broaden,1,0,1,-1
anytime,13,9,4,5
that's,5,3,2,1
lennyflank,1,0,1,-1
shake,12,4,8,-4
destroyer,5,5,0,5
hauler,1,0,1,-1
dognapped,1,0,1,-1
jeleous,1,1,0,1
immediately,187,55,132,-77
impulsive,3,2,1,1
tuberculosis,1,1,0,1
oily,1,1,0,1
deceiving,1,1,0,1
haha,88,74,14,60
comedians,1,0,1,-1
reassessing,1,0,1,-1
chokehold,1,0,1,-1
misuse,1,0,1,-1
snap,40,17,23,-6
fluid,9,7,2,5
aedf,2,2,0,2
aacc,1,1,0,1
stereotype,1,1,0,1
bccd,2,1,1,0
spinner,5,2,3,-1
rv's,1,0,1,-1
hvptwo,1,0,1,-1
gavel,2,1,1,0
sensory,7,6,1,5
ple,1,1,0,1
hideous,1,1,0,1
gusss,2,2,0,2
chunck,1,1,0,1
logs,1,1,0,1
antacid,1,1,0,1
dinosaur,3,2,1,1
obituary,3,0,3,-3
hadn,116,17,99,-82
control,69,24,45,-21
appease,1,0,1,-1
paramour,1,1,0,1
supervise,4,0,4,-4
monka,8,0,8,-8
athletics,1,1,0,1
disaster,9,6,3,3
insensitive,1,1,0,1
condolences,1,0,1,-1
converting,4,0,4,-4
labels,7,3,4,-1
licking,3,0,3,-3
ape,7,5,2,3
ghasson,1,1,0,1
ohhhh,24,14,10,4
carparts,3,2,1,1
whiff,1,0,1,-1
blockers,18,11,7,4
eyeball,5,3,2,1
torrential,2,0,2,-2
answer,465,187,278,-91
dogmom,1,0,1,-1
downstairs,44,15,29,-14
testerone,3,3,0,3
myfriday,2,2,0,2
gathering,2,2,0,2
snarled,1,0,1,-1
whistler,3,1,2,-1
diversify,1,0,1,-1
limb,1,0,1,-1
fidelity,1,1,0,1
fax,1,1,0,1
mary,5,1,4,-3
labelled,1,0,1,-1
mcalpine,1,1,0,1
reconfirming,1,0,1,-1
sqm,2,2,0,2
taro,1,0,1,-1
melanin,2,0,2,-2
cons,21,6,15,-9
unrecognizable,4,1,3,-2
speaks,12,5,7,-2
salazzle,2,1,1,0
fandom,3,3,0,3
mechanisms,3,1,2,-1
alleviate,1,0,1,-1
friendliest,2,0,2,-2
convivial,1,1,0,1
neo,2,2,0,2
sandbox,3,0,3,-3
processed,3,1,2,-1
supportive,27,10,17,-7
share,176,99,77,22
units,9,1,8,-7
omg,271,224,47,177
terrorizing,1,1,0,1
ambers,2,2,0,2
confronts,2,0,2,-2
arcade,11,4,7,-3
seeem,1,1,0,1
excluded,11,3,8,-5
explored,4,2,2,0
realized,186,67,119,-52
friving,1,1,0,1
headlines,1,0,1,-1
bcab,1,0,1,-1
bacon,7,4,3,1
infested,1,1,0,1
skirts,3,0,3,-3
she's,9,9,0,9
decompressing,1,0,1,-1
realigning,1,0,1,-1
cto,4,0,4,-4
guessing,21,4,17,-13
acknowledgment,3,1,2,-1
relevance,2,1,1,0
yesses,1,1,0,1
include,52,19,33,-14
tallulah,1,1,0,1
welll,3,3,0,3
slurs,1,1,0,1
nee,1,0,1,-1
kidman,6,2,4,-2
whenever,116,45,71,-26
alternative,18,10,8,2
theres,10,8,2,6
fierce,1,0,1,-1
lbs,4,4,0,4
wants,341,106,235,-129
lb,1,1,0,1
handbags,4,3,1,2
rude,175,32,143,-111
reason,348,149,199,-50
nominating,2,0,2,-2
cum,1,1,0,1
comparison,18,7,11,-4
porousness,1,0,1,-1
bell,5,0,5,-5
bfbb,1,0,1,-1
impregnating,1,0,1,-1
jetboiling,1,0,1,-1
paperback,2,0,2,-2
leading,13,5,8,-3
embarrassing,160,60,100,-40
annoyance,8,3,5,-2
slammer,1,1,0,1
privileges,7,1,6,-5
stealthy,1,1,0,1
pierce,6,3,3,0
snoqualmie,1,0,1,-1
appearance,16,12,4,8
ego,12,11,1,10
income,13,5,8,-3
acfb,1,1,0,1
cone,7,4,3,1
affects,10,5,5,0
ngl,1,1,0,1
wool,1,1,0,1
fubar,1,1,0,1
ads,13,3,10,-7
lino,1,1,0,1
lexapro,13,10,3,7
evolutioned,1,0,1,-1
crafted,5,2,3,-1
abandon,1,0,1,-1
cursing,1,0,1,-1
lies,11,8,3,5
clickers,3,2,1,1
assistance,1,1,0,1
rite,1,0,1,-1
lizard,7,6,1,5
jsut,1,1,0,1
naur,1,1,0,1
fuel,14,8,6,2
usually,349,140,209,-69
widely,1,1,0,1
touchscreen,5,2,3,-1
difficulty,7,1,6,-5
mcavoy,2,0,2,-2
blend,6,1,5,-4
touchy,4,4,0,4
fooling,3,1,2,-1
covered,25,12,13,-1
cans,3,0,3,-3
conspiring,1,0,1,-1
pickup,2,1,1,0
rejected,3,1,2,-1
bridesmaids,1,0,1,-1
delight,3,0,3,-3
ct,15,10,5,5
makeitgucci,1,0,1,-1
insta,24,21,3,18
jail,1,1,0,1
floating,6,2,4,-2
thumb,27,11,16,-5
jenfrytalks,2,2,0,2
upon,22,9,13,-4
lauren,48,17,31,-14
tetragrammaton,1,1,0,1
willie,1,1,0,1
sir,16,7,9,-2
standout,1,0,1,-1
ron,14,10,4,6
crumble,1,0,1,-1
unpopular,1,1,0,1
tens,4,3,1,2
partway,6,0,6,-6
sct,4,2,2,0
winning,28,15,13,2
anything,769,312,457,-145
aderralls,1,0,1,-1
goughnuts,1,1,0,1
pinpointed,1,0,1,-1
soccer,31,12,19,-7
penis,6,5,1,4
trench,3,2,1,1
upload,2,0,2,-2
chuffs,1,1,0,1
chug,1,0,1,-1
bailey,4,3,1,2
personality,63,37,26,11
mormons,3,0,3,-3
endocrine,1,0,1,-1
lenny,6,1,5,-4
couple,245,161,84,77
agreeable,2,2,0,2
aspiring,2,2,0,2
alertness,1,1,0,1
discounts,6,2,4,-2
lakes,3,1,2,-1
oopsies,3,3,0,3
urgency,1,1,0,1
hvadid,1,0,1,-1
loudly,35,12,23,-11
keel,1,1,0,1
plenty,122,20,102,-82
measuring,15,7,8,-1
shane,78,52,26,26
babb,1,0,1,-1
flagged,1,1,0,1
accommodate,6,1,5,-4
vids,1,1,0,1
ended,90,42,48,-6
rarely,33,8,25,-17
interacted,9,5,4,1
inherently,37,13,24,-11
routering,1,1,0,1
prozac,24,8,16,-8
attach,7,3,4,-1
imply,7,4,3,1
cashew,1,0,1,-1
giggle,2,1,1,0
chocolates,2,0,2,-2
hearsay,3,3,0,3
houseguests,2,1,1,0
sulk,1,0,1,-1
inserts,1,1,0,1
handing,2,2,0,2
unpredictable,5,3,2,1
uv,1,1,0,1
working,367,156,211,-55
mismatch,1,1,0,1
discussing,6,2,4,-2
recess,1,1,0,1
lnk,3,3,0,3
defense,30,5,25,-20
bitchy,7,4,3,1
courts,2,0,2,-2
cucumber,4,1,3,-2
preferences,10,5,5,0
passes,23,13,10,3
ochem,3,0,3,-3
bees,8,6,2,4
ioscss,1,1,0,1
fashionable,5,5,0,5
addresses,3,1,2,-1
invalidate,1,1,0,1
loud,132,40,92,-52
hooded,2,1,1,0
eccentric,1,1,0,1
sciences,1,0,1,-1
scheme,6,2,4,-2
indebted,1,0,1,-1
macos,2,2,0,2
facilitate,1,1,0,1
temperature,16,2,14,-12
flared,7,6,1,5
begin,39,14,25,-11
scarf,2,2,0,2
usb,3,1,2,-1
micah,1,0,1,-1
jens,1,0,1,-1
depths,5,2,3,-1
bartending,1,0,1,-1
antiperspirant,3,2,1,1
desert,8,2,6,-4
iike,1,0,1,-1
proclivities,1,1,0,1
outweigh,2,0,2,-2
cheating,41,20,21,-1
enemies,15,4,11,-7
sherpa,1,0,1,-1
toni,1,0,1,-1
mals,1,0,1,-1
headroutesets,1,1,0,1
cocholoate,1,1,0,1
bunnies,2,0,2,-2
gets,430,156,274,-118
boycott,6,2,4,-2
neater,1,1,0,1
strength,15,9,6,3
wedding,142,57,85,-28
receiptify,2,2,0,2
willem,4,3,1,2
puffs,1,0,1,-1
merit,3,3,0,3
rpdr,1,1,0,1
overcoming,1,1,0,1
preconceived,1,1,0,1
housemates,1,1,0,1
scary,64,40,24,16
spiderverse,4,2,2,0
deficiencies,1,0,1,-1
built,70,35,35,0
warranty,12,1,11,-10
uterine,5,1,4,-3
jumanji,1,1,0,1
shredded,1,1,0,1
connesiour,1,1,0,1
blanket,28,15,13,2
haller,1,1,0,1
rectangle,7,4,3,1
beginner,3,1,2,-1
preparations,1,1,0,1
haired,7,0,7,-7
transit,32,6,26,-20
lucky,47,21,26,-5
divide,7,1,6,-5
youtu,1,0,1,-1
dfdb,2,2,0,2
pubmed,1,1,0,1
panicking,3,0,3,-3
exception,28,21,7,14
topless,2,2,0,2
tikka,2,0,2,-2
hug,27,18,9,9
warraasahhhahhrhahhh,1,1,0,1
yessss,8,8,0,8
tigard,2,2,0,2
investigated,1,0,1,-1
ewrly,1,1,0,1
unwilling,8,4,4,0
squats,3,3,0,3
fetish,2,2,0,2
husbands,2,2,0,2
loyalist,1,1,0,1
pcos,1,1,0,1
bragged,2,1,1,0
bot,3,2,1,1
snowy,2,1,1,0
shouldn,136,56,80,-24
letterboxed,9,0,9,-9
azale,1,0,1,-1
theyitis,1,0,1,-1
allows,9,5,4,1
rig,2,0,2,-2
snores,1,0,1,-1
vp,1,0,1,-1
binaries,1,1,0,1
churchy,1,1,0,1
adversity,1,1,0,1
horrendous,1,1,0,1
afar,1,0,1,-1
swoon,3,2,1,1
encroaching,2,0,2,-2
crepes,4,2,2,0
guardians,4,2,2,0
cryonics,3,0,3,-3
appreciation,3,2,1,1
nonprofit,2,0,2,-2
envisioning,1,0,1,-1
tyson,13,2,11,-9
sexuality,17,14,3,11
pastor,1,1,0,1
setback,1,0,1,-1
voluntarily,1,0,1,-1
history,51,30,21,9
ec,1,0,1,-1
articulateness,4,2,2,0
nick,32,10,22,-12
prospective,1,1,0,1
phi,2,0,2,-2
margins,7,7,0,7
supported,7,2,5,-3
miscommunication,2,1,1,0
doomsday,1,1,0,1
rereleased,1,0,1,-1
norman,1,1,0,1
agent,2,1,1,0
bolted,1,0,1,-1
sprints,1,0,1,-1
badwater,1,0,1,-1
wellbeing,1,1,0,1
overheard,7,0,7,-7
hold,250,78,172,-94
dalton,9,7,2,5
senators,1,0,1,-1
lecturing,1,0,1,-1
frontal,1,1,0,1
primadonna,1,1,0,1
oscillating,1,0,1,-1
lens,3,3,0,3
sandstone,3,1,2,-1
cleverly,1,1,0,1
fatigue,1,0,1,-1
commenting,4,3,1,2
connected,23,14,9,5
homeless,4,1,3,-2
guidance,8,2,6,-4
paradise,1,0,1,-1
favorite,441,200,241,-41
googling,34,3,31,-28
underwear,42,23,19,4
physiology,6,1,5,-4
sebastian,1,1,0,1
alcohol,9,8,1,7
fleas,1,0,1,-1
attempted,6,6,0,6
secretive,7,4,3,1
mothmanlesbian,4,2,2,0
preparing,16,8,8,0
frustrations,2,2,0,2
bubblegum,1,1,0,1
girlswhoclimb,1,0,1,-1
fyfyfyfy,1,1,0,1
stillstill,2,2,0,2
um,29,16,13,3
influential,3,3,0,3
keispy,2,1,1,0
winona,1,1,0,1
blob,1,0,1,-1
refollowed,1,0,1,-1
worming,1,0,1,-1
hallucinogenics,2,0,2,-2
squat,3,1,2,-1
consented,1,0,1,-1
shoes,200,83,117,-34
satany,1,1,0,1
dimensions,5,3,2,1
glen,5,3,2,1
analyze,2,1,1,0
coversation,1,1,0,1
earliest,6,2,4,-2
capturing,1,1,0,1
apples,6,3,3,0
garretts,1,1,0,1
regulate,2,0,2,-2
maxed,1,0,1,-1
emoting,2,2,0,2
freeze,9,1,8,-7
measurement,9,2,7,-5
stuff,910,439,471,-32
pratt,1,0,1,-1
beastmakers,1,0,1,-1
scooted,1,0,1,-1
luxe,4,2,2,0
scentless,1,1,0,1
backhanded,1,0,1,-1
riders,1,1,0,1
unformed,1,0,1,-1
havw,1,1,0,1
iowa,2,1,1,0
savings,8,2,6,-4
okokum,1,1,0,1
tilde,1,0,1,-1
passaddhi,1,1,0,1
suck,65,33,32,1
inevitable,4,2,2,0
root,15,10,5,5
vein,2,1,1,0
washers,1,0,1,-1
mondragon,4,1,3,-2
plural,5,1,4,-3
asked,726,214,512,-298
recklessnesses,1,1,0,1
couches,4,1,3,-2
mislead,3,0,3,-3
using,154,54,100,-46
milves,5,1,4,-3
veda,2,2,0,2
emphasize,1,0,1,-1
abstaining,1,1,0,1
desperation,2,0,2,-2
mas,2,2,0,2
lokis,1,1,0,1
theymabs,1,0,1,-1
enchancements,1,1,0,1
napoleon,2,1,1,0
slo,1,1,0,1
diving,5,3,2,1
batter,2,1,1,0
brain,170,87,83,4
dremel,3,2,1,1
codie,1,1,0,1
signature,21,10,11,-1
normalest,1,0,1,-1
housing,13,9,4,5
unhappy,10,3,7,-4
consumed,2,0,2,-2
noooooooo,5,5,0,5
isnta,1,1,0,1
billie,1,1,0,1
sat,39,16,23,-7
failure,3,1,2,-1
bailing,4,2,2,0
vertigo,2,2,0,2
exhaust,1,1,0,1
soybean,1,0,1,-1
harasses,1,0,1,-1
tightening,1,0,1,-1
biothanedogcollar,1,0,1,-1
logo,7,3,4,-1
reverses,2,2,0,2
unwrapper,1,0,1,-1
shocked,47,23,24,-1
adjusted,10,6,4,2
cinematic,1,0,1,-1
unparallel,7,0,7,-7
skull,2,1,1,0
reluctant,2,1,1,0
huh,213,153,60,93
balcony,4,2,2,0
skewed,5,3,2,1
underdog,2,1,1,0
prd,14,10,4,6
lhd,5,0,5,-5
marketing,10,3,7,-4
personalities,5,3,2,1
graduated,24,3,21,-18
observing,3,2,1,1
bucket,22,11,11,0
providers,4,4,0,4
underside,1,0,1,-1
diamandis,2,2,0,2
normakamali,1,1,0,1
racing,1,0,1,-1
neutralize,1,1,0,1
livs,14,13,1,12
podium,8,3,5,-2
value,51,25,26,-1
shapeless,1,1,0,1
weaver,5,0,5,-5
makeup,28,22,6,16
enby,10,10,0,10
margaritas,1,0,1,-1
controllers,8,0,8,-8
trent,3,1,2,-1
captivate,1,0,1,-1
weirdd,1,1,0,1
wattpad,1,0,1,-1
downfall,1,1,0,1
monster,31,17,14,3
basing,11,6,5,1
ancor,2,0,2,-2
crevices,2,1,1,0
firing,1,0,1,-1
ebony,3,2,1,1
objectivity,1,1,0,1
till,6,6,0,6
borrowed,6,2,4,-2
heating,3,0,3,-3
bumbling,1,0,1,-1
caulking,1,1,0,1
small,316,118,198,-80
peony,1,1,0,1
labyrinth,9,7,2,5
stardust,2,2,0,2
consistency,6,5,1,4
awwwwww,9,9,0,9
qtip,1,0,1,-1
library,35,14,21,-7
joked,2,1,1,0
intends,1,1,0,1
bilateral,1,0,1,-1
jihad,1,1,0,1
invade,1,0,1,-1
sisters,19,11,8,3
sassing,1,0,1,-1
soah,1,1,0,1
conferencing,1,1,0,1
disconnected,1,1,0,1
favorited,1,1,0,1
intersex,4,1,3,-2
randy,1,1,0,1
thoroughly,12,5,7,-2
phenotypes,1,0,1,-1
multi,10,4,6,-2
stain,1,0,1,-1
route,125,21,104,-83
hanson,2,2,0,2
promo,3,2,1,1
vintage,5,5,0,5
conclusion,22,9,13,-4
tweet,12,3,9,-6
jewelry,6,4,2,2
noting,5,3,2,1
uncomfortably,6,1,5,-4
alpacas,1,1,0,1
guilty,23,8,15,-7
zeroes,1,0,1,-1
italy,1,1,0,1
worths,1,1,0,1
entryway,1,0,1,-1
skews,1,1,0,1
patch,9,5,4,1
sneezing,3,1,2,-1
proportionality,1,1,0,1
dyslexic,1,0,1,-1
emmi,1,1,0,1
lasering,2,2,0,2
seniority,1,1,0,1
multimillion,1,1,0,1
wholesome,5,4,1,3
excitingly,1,1,0,1
croft,2,1,1,0
render,3,2,1,1
liver,3,1,2,-1
ingrained,2,1,1,0
tempered,2,2,0,2
lepto,1,0,1,-1
demonstrated,6,0,6,-6
zoning,2,0,2,-2
teeth,47,12,35,-23
questioned,109,18,91,-73
brewing,1,0,1,-1
hottest,20,16,4,12
currents,1,0,1,-1
departed,1,0,1,-1
wipe,7,1,6,-5
bled,2,0,2,-2
pulling,16,5,11,-6
infection,4,3,1,2
endeavor,1,0,1,-1
charging,19,4,15,-11
lineup,3,1,2,-1
maniac,1,1,0,1
laying,25,10,15,-5
fightin,1,0,1,-1
odie,5,5,0,5
expect,92,35,57,-22
collections,4,0,4,-4
himsa,2,0,2,-2
turnaround,3,0,3,-3
jumping,14,2,12,-10
cooking,26,15,11,4
meeting,85,27,58,-31
horrifying,17,9,8,1
alter,5,2,3,-1
perks,1,0,1,-1
washington,82,43,39,4
ehat,1,1,0,1
uti,2,0,2,-2
rabid,1,1,0,1
mcclanes,1,0,1,-1
abysmal,2,1,1,0
robots,5,2,3,-1
drugs,44,26,18,8
yucky,23,20,3,17
dogtok,1,0,1,-1
thrilling,3,1,2,-1
theseus,1,1,0,1
bettter,1,1,0,1
baggy,6,3,3,0
burst,2,1,1,0
maureen,1,0,1,-1
cheeks,1,0,1,-1
grinned,1,1,0,1
applaud,1,0,1,-1
assert,1,1,0,1
gluing,3,2,1,1
forums,1,0,1,-1
breakins,1,1,0,1
golfing,4,2,2,0
upstairs,54,17,37,-20
saws,4,1,3,-2
herself,52,15,37,-22
talent,5,2,3,-1
mistake,39,12,27,-15
stellar,1,1,0,1
reciprocal,1,0,1,-1
shrimp,4,2,2,0
disconnecting,1,1,0,1
virginia,2,0,2,-2
mari,8,6,2,4
slump,2,0,2,-2
pooling,1,1,0,1
baking,6,4,2,2
crucifix,1,1,0,1
baths,4,2,2,0
inch,61,19,42,-23
watson,3,0,3,-3
thunderstorms,1,0,1,-1
critter,1,1,0,1
mim,1,0,1,-1
reddit,25,14,11,3
debbie,1,0,1,-1
lates,1,0,1,-1
nigh,3,2,1,1
meh,1,0,1,-1
eewwwww,1,1,0,1
vehicles,8,4,4,0
streets,2,1,1,0
swollen,5,4,1,3
rocking,3,2,1,1
bummer,57,32,25,7
emtricitabine,1,1,0,1
problematic,9,7,2,5
y,53,36,17,19
disqualification,1,0,1,-1
giggled,2,0,2,-2
koraidon,1,1,0,1
coyote,2,1,1,0
undeterrable,1,0,1,-1
cliffs,1,1,0,1
bengals,2,0,2,-2
boulder,200,40,160,-120
glug,3,0,3,-3
stole,15,8,7,1
stoped,1,1,0,1
poopy,3,1,2,-1
coyle,1,0,1,-1
lasvegas,1,0,1,-1
gently,6,1,5,-4
thoughtfully,1,0,1,-1
hoodie,18,11,7,4
bould,1,1,0,1
outta,1,0,1,-1
stitches,6,3,3,0
mister,1,1,0,1
strike,13,6,7,-1
periboa,1,1,0,1
optimistic,14,10,4,6
blizzard,1,0,1,-1
grandparents,1,1,0,1
mice,5,1,4,-3
loretta,1,0,1,-1
coerce,1,1,0,1
weakening,1,0,1,-1
incomplete,1,0,1,-1
prepared,43,19,24,-5
estate,10,3,7,-4
boundaries,11,5,6,-1
engrave,1,0,1,-1
knee,69,23,46,-23
bungee,2,0,2,-2
scoffs,2,1,1,0
forgets,4,1,3,-2
crochet,2,1,1,0
unsuccessfully,2,0,2,-2
uncharacteristic,1,1,0,1
laptop,36,3,33,-30
oop,13,12,1,11
truedrive,3,0,3,-3
finnish,22,14,8,6
curious,108,52,56,-4
kgs,1,1,0,1
healthcare,2,2,0,2
clamshell,1,0,1,-1
statistical,3,3,0,3
germany,3,0,3,-3
july,48,19,29,-10
meeka,3,0,3,-3
eurythmic,1,1,0,1
initial,18,8,10,-2
receives,2,1,1,0
grew,13,5,8,-3
wilson,8,3,5,-2
tyyy,3,3,0,3
bipolar,1,1,0,1
incident,9,4,5,-1
addicted,6,4,2,2
watt,8,0,8,-8
interpersonal,2,0,2,-2
asap,9,5,4,1
classacustoms,1,0,1,-1
spiteful,5,4,1,3
neutered,9,1,8,-7
nicole,9,5,4,1
factual,2,0,2,-2
maddy,71,53,18,35
froyoupage,1,1,0,1
cowardly,1,1,0,1
climbs,69,26,43,-17
funding,3,1,2,-1
inverter,23,7,16,-9
wheee,3,2,1,1
diverse,2,1,1,0
nalle,1,0,1,-1
byeee,2,2,0,2
alternators,1,0,1,-1
shorter,43,16,27,-11
error,13,9,4,5
smiley,1,1,0,1
illustrate,1,0,1,-1
ackerman,3,2,1,1
increasers,1,1,0,1
devoted,1,0,1,-1
sacred,2,2,0,2
unoffended,1,0,1,-1
simulate,1,1,0,1
provocative,1,1,0,1
antonio,10,1,9,-8
mirrors,3,1,2,-1
demographics,1,0,1,-1
disrespectful,9,4,5,-1
underwhelming,5,0,5,-5
suit,18,8,10,-2
whatt,1,1,0,1
fortunately,1,0,1,-1
spandex,5,2,3,-1
asterisk,7,3,4,-1
suture,1,1,0,1
www,465,152,313,-161
raboutou,2,0,2,-2
trixieandkatya,1,1,0,1
faces,15,5,10,-5
teacup,2,0,2,-2
breakthrough,1,1,0,1
puppytraining,1,0,1,-1
meanit,1,1,0,1
dealership,9,1,8,-7
allergic,13,5,8,-3
immature,2,1,1,0
elle,3,1,2,-1
heiress,2,0,2,-2
fifth,1,1,0,1
bonanza,2,0,2,-2
managed,18,5,13,-8
bdeb,1,0,1,-1
multifunctional,1,0,1,-1
transsexuals,4,4,0,4
consonant,1,0,1,-1
sender,4,4,0,4
hulk,18,2,16,-14
realistically,20,10,10,0
drone,1,0,1,-1
sleeep,1,1,0,1
farming,1,1,0,1
rotary,1,1,0,1
crushes,5,3,2,1
establishes,1,0,1,-1
feeld,2,2,0,2
beside,4,3,1,2
unlivable,1,1,0,1
diagnosis,9,6,3,3
doctory,2,2,0,2
smidge,1,1,0,1
wanders,4,2,2,0
drippy,1,0,1,-1
ultralight,6,3,3,0
gallon,8,1,7,-6
thinsulate,6,1,5,-4
vocals,8,3,5,-2
screwdriver,6,3,3,0
pdp,1,0,1,-1
awkwardness,3,2,1,1
contract,6,6,0,6
dogownersoftiktok,1,0,1,-1
adapts,2,0,2,-2
wolff,2,0,2,-2
judgmental,5,3,2,1
tempura,3,0,3,-3
pee,53,14,39,-25
maturity,2,1,1,0
sneaky,31,14,17,-3
folds,4,1,3,-2
indy,1,1,0,1
transbian,1,1,0,1
ahold,1,1,0,1
phds,1,1,0,1
polled,2,0,2,-2
launching,2,0,2,-2
discharge,1,0,1,-1
infrequent,2,0,2,-2
stupid,217,88,129,-41
dormant,3,2,1,1
tricking,3,1,2,-1
scraper,5,0,5,-5
zones,2,0,2,-2
technically,88,37,51,-14
disposal,1,1,0,1
used,353,155,198,-43
societally,1,1,0,1
reallocate,1,0,1,-1
sheeran,1,0,1,-1
finnster,6,5,1,4
bridesmaid,3,3,0,3
driven,14,5,9,-4
depressive,3,3,0,3
metabolism,2,2,0,2
blaming,2,0,2,-2
featured,8,2,6,-4
newspaper,5,2,3,-1
driving,139,53,86,-33
tucks,2,1,1,0
rosa,3,1,2,-1
stardew,4,2,2,0
locks,4,4,0,4
molested,1,0,1,-1
carpooled,1,1,0,1
climbinggirls,1,0,1,-1
astrology,8,7,1,6
play,340,157,183,-26
spitter,1,0,1,-1
ducked,1,1,0,1
ability,37,19,18,1
asshole,27,13,14,-1
criminally,1,0,1,-1
monk,1,1,0,1
hooking,3,0,3,-3
pinocchio,1,1,0,1
witch,6,5,1,4
graduates,1,0,1,-1
vocalizations,1,1,0,1
chlorine,1,0,1,-1
unexpectedly,5,2,3,-1
manically,1,1,0,1
stabbed,4,1,3,-2
jae,1,1,0,1
compromise,46,29,17,12
advertised,2,2,0,2
radiant,3,2,1,1
underarms,4,0,4,-4
tippy,2,2,0,2
spiro,41,33,8,25
confirm,22,8,14,-6
preparation,3,1,2,-1
mural,8,5,3,2
low,182,72,110,-38
detach,2,1,1,0
bbcc,1,0,1,-1
std,2,2,0,2
jenny,18,15,3,12
unaware,4,3,1,2
regular,129,10,119,-109
laps,2,0,2,-2
flannery,22,4,18,-14
characteristically,1,1,0,1
thunder,3,0,3,-3
doin,1,1,0,1
frugal,2,2,0,2
reusing,1,1,0,1
squamish,12,0,12,-12
highlight,5,0,5,-5
shittier,1,1,0,1
abruptly,5,0,5,-5
nonono,20,20,0,20
soundtrack,3,2,1,1
gawk,1,1,0,1
arena,1,0,1,-1
thighs,5,0,5,-5
duh,2,0,2,-2
created,20,10,10,0
farting,1,1,0,1
aimlessly,4,3,1,2
littering,1,1,0,1
jerusalem,2,2,0,2
oxidize,1,0,1,-1
unwatchable,1,0,1,-1
satisfying,5,2,3,-1
stood,26,8,18,-10
zopilote,2,2,0,2
icon,7,7,0,7
iv,1,0,1,-1
slightly,135,39,96,-57
archetypally,1,1,0,1
trolls,1,0,1,-1
strengthen,1,0,1,-1
streetwear,1,0,1,-1
binge,1,1,0,1
theyfriend,1,1,0,1
trustee,1,1,0,1
wires,29,10,19,-9
performer,5,4,1,3
leo,5,4,1,3
veggie,2,2,0,2
rokenda,1,0,1,-1
feuding,1,1,0,1
substances,1,1,0,1
find,601,261,340,-79
storm,5,3,2,1
lonely,10,4,6,-2
overfeeding,1,0,1,-1
client,5,4,1,3
wrist,5,3,2,1
puking,4,2,2,0
unconfirmed,1,0,1,-1
availability,5,3,2,1
ios,132,32,100,-68
hahahahahh,1,1,0,1
bha,1,1,0,1
kloss,4,1,3,-2
earnest,1,1,0,1
olympic,4,2,2,0
yellowjackets,3,0,3,-3
weren,79,15,64,-49
irregular,2,1,1,0
neurotransmitter,6,1,5,-4
stakes,9,7,2,5
mcneely,1,1,0,1
hurtful,4,2,2,0
gasoline,3,0,3,-3
tembo,1,1,0,1
directors,2,2,0,2
hypotheses,1,0,1,-1
kai,61,8,53,-45
rugged,3,3,0,3
governors,1,1,0,1
exs,2,1,1,0
tenser,1,0,1,-1
cornelius,1,0,1,-1
ones,499,185,314,-129
moms,19,15,4,11
subclinical,2,1,1,0
chiropractor,3,2,1,1
tablet,6,1,5,-4
perhaps,31,13,18,-5
tampons,1,1,0,1
diesel,25,6,19,-13
jews,13,12,1,11
nervy,1,1,0,1
ritual,8,8,0,8
cemetery,8,3,5,-2
minotaur,2,0,2,-2
narrowed,2,0,2,-2
arcady,1,0,1,-1
opposition,1,1,0,1
valued,1,0,1,-1
crammed,1,1,0,1
pouting,4,1,3,-2
riri,1,0,1,-1
shawshank,5,2,3,-1
ravenna,1,0,1,-1
profitable,4,2,2,0
ube,4,1,3,-2
waldo,1,1,0,1
witcheshich,1,1,0,1
mexican,3,1,2,-1
college,119,35,84,-49
hamstrings,1,0,1,-1
depersonalization,1,1,0,1
fridge,62,16,46,-30
commuter,2,1,1,0
surfer,4,3,1,2
ticks,2,0,2,-2
obsessively,1,0,1,-1
starfish,2,1,1,0
amoeba,2,2,0,2
counting,10,3,7,-4
tryna,8,7,1,6
classmates,1,0,1,-1
ersatz,2,1,1,0
massively,6,3,3,0
grandpa,22,13,9,4
blinded,3,1,2,-1
joyful,1,0,1,-1
coffee,72,25,47,-22
detached,5,0,5,-5
eeeeek,1,1,0,1
attacks,5,1,4,-3
routestters,1,0,1,-1
wilder,1,1,0,1
butler,1,0,1,-1
profits,4,1,3,-2
homie,3,3,0,3
scout,1,1,0,1
burglar,3,0,3,-3
spikes,1,1,0,1
yooooou,1,0,1,-1
nutria,1,1,0,1
little,1237,657,580,77
doodles,3,0,3,-3
dragonfly,2,0,2,-2
cathartic,1,0,1,-1
chinese,19,8,11,-3
phases,2,0,2,-2
stingy,3,0,3,-3
olyphant,3,3,0,3
waves,8,4,4,0
crack,13,6,7,-1
opponent,2,2,0,2
sloth,1,1,0,1
surprising,50,23,27,-4
adrenaline,2,1,1,0
dex,1,1,0,1
urge,26,18,8,10
banning,6,3,3,0
pretends,8,1,7,-6
picks,11,2,9,-7
uncontrollable,3,3,0,3
guarantee,19,8,11,-3
sneak,14,2,12,-10
bathing,1,1,0,1
eevy,1,0,1,-1
befd,1,0,1,-1
contact,62,25,37,-12
likely,95,36,59,-23
yayay,1,1,0,1
cousin,42,12,30,-18
ladies,4,4,0,4
conversation,292,107,185,-78
infectious,2,2,0,2
zenist,2,0,2,-2
cyberbully,1,0,1,-1
distraction,5,5,0,5
recklessly,1,1,0,1
leaf,2,0,2,-2
nakoa,2,2,0,2
simplify,1,0,1,-1
hrt,59,37,22,15
celebrate,11,5,6,-1
mitosis,1,0,1,-1
evite,1,0,1,-1
first,1261,479,782,-303
mistreat,1,0,1,-1
treasure,4,4,0,4
rockclimbinglife,1,0,1,-1
graft,1,1,0,1
alway,2,2,0,2
eavesdrop,6,0,6,-6
intriguing,7,1,6,-5
yearning,5,2,3,-1
show,434,169,265,-96
spellings,1,0,1,-1
activate,1,0,1,-1
mellow,1,1,0,1
trannies,2,2,0,2
youth,20,4,16,-12
citation,3,2,1,1
westerns,1,0,1,-1
official,26,16,10,6
wheels,5,1,4,-3
momma,1,1,0,1
hysterical,1,1,0,1
femme,10,7,3,4
coyotes,1,1,0,1
inhibitor,3,0,3,-3
households,1,1,0,1
woodcutting,1,0,1,-1
awkward,62,36,26,10
domestication,1,1,0,1
predetermined,1,1,0,1
raised,19,9,10,-1
cursed,7,4,3,1
trueeeeeeeeeee,1,1,0,1
attention,118,31,87,-56
co,12,6,6,0
speeding,3,2,1,1
actively,56,26,30,-4
cuteness,4,3,1,2
dreadfully,2,0,2,-2
scientist,18,9,9,0
lmao,138,138,0,138
hatchback,4,1,3,-2
cedarandsprinkle,2,0,2,-2
regretting,1,1,0,1
psychology,2,1,1,0
construction,23,13,10,3
features,44,18,26,-8
broom,1,1,0,1
newish,1,0,1,-1
katietalkstherapy,1,0,1,-1
wes,6,3,3,0
rehoming,7,0,7,-7
forestlands,8,0,8,-8
various,15,0,15,-15
remain,17,10,7,3
sled,1,0,1,-1
wnl,3,1,2,-1
dory,2,2,0,2
pepperonis,1,0,1,-1
ethiopia,1,1,0,1
fortnight,1,1,0,1
strengthening,1,0,1,-1
sharktopus,1,1,0,1
meant,224,91,133,-42
banned,16,12,4,8
tighten,5,1,4,-3
roughly,5,2,3,-1
seiko,1,1,0,1
applies,24,15,9,6
composition,1,1,0,1
resent,8,5,3,2
hat,32,18,14,4
pictureing,1,1,0,1
rockclimbing,3,0,3,-3
records,9,6,3,3
smith,4,3,1,2
incorporated,2,0,2,-2
everett,8,3,5,-2
mousepad,2,2,0,2
sriracha,2,1,1,0
episodes,19,5,14,-9
testosterone,64,29,35,-6
woes,2,2,0,2
followed,32,8,24,-16
pharmacies,7,3,4,-1
distribute,2,2,0,2
murdle,3,1,2,-1
wiggling,1,0,1,-1
hash,2,1,1,0
gripe,1,1,0,1
deepest,2,0,2,-2
harley,1,1,0,1
figaro,1,1,0,1
coast,12,3,9,-6
nimble,1,0,1,-1
reminding,3,0,3,-3
remote,38,8,30,-22
holidays,4,2,2,0
assortment,1,1,0,1
tarantino,5,1,4,-3
floaters,1,0,1,-1
trades,2,0,2,-2
cap,29,13,16,-3
scouts,1,1,0,1
uploading,1,1,0,1
hannah,4,2,2,0
stg,2,2,0,2
ruined,46,15,31,-16
mandated,2,2,0,2
people,2437,959,1478,-519
meanest,3,1,2,-1
coffees,1,1,0,1
word,296,132,164,-32
behalf,11,4,7,-3
hospital,29,14,15,-1
posed,1,1,0,1
inform,3,1,2,-1
chicken,29,9,20,-11
unanswered,2,0,2,-2
stints,1,1,0,1
disqualifies,1,1,0,1
mcdonald,1,1,0,1
landlord,21,7,14,-7
archermagazine,1,0,1,-1
eugene,2,1,1,0
immigrant,1,1,0,1
ahead,34,12,22,-10
lesbian,54,27,27,0
quinten,1,1,0,1
framesbymorgan,1,1,0,1
grosser,1,0,1,-1
songs,250,97,153,-56
bashing,3,2,1,1
longs,1,1,0,1
gaiman,1,1,0,1
ooohhhh,2,2,0,2
jessa,1,1,0,1
ummmm,2,2,0,2
sums,1,1,0,1
facial,27,17,10,7
likeq,1,1,0,1
ashley,1,1,0,1
monitors,3,2,1,1
reactive,6,3,3,0
invites,12,4,8,-4
may,360,239,121,118
demeter,1,1,0,1
perpetually,3,0,3,-3
abdb,1,0,1,-1
responder,7,1,6,-5
rad,2,2,0,2
dice,1,1,0,1
swift,233,70,163,-93
cared,15,4,11,-7
adore,30,28,2,26
fiend,1,1,0,1
swisher,1,0,1,-1
flavors,4,0,4,-4
perceptive,1,1,0,1
brothers,19,14,5,9
travis,2,1,1,0
cords,4,0,4,-4
flattered,4,3,1,2
eater,3,2,1,1
dispensary,3,2,1,1
suffice,2,0,2,-2
students,9,3,6,-3
heartbreaking,4,2,2,0
spotting,3,2,1,1
scraped,2,1,1,0
anderson,4,2,2,0
tales,1,1,0,1
bulleted,1,1,0,1
harmless,4,2,2,0
obvious,68,24,44,-20
lifestyle,13,10,3,7
hoops,7,2,5,-3
dua,5,2,3,-1
dementia,1,0,1,-1
summing,1,0,1,-1
cinematics,1,1,0,1
fitc,2,2,0,2
throated,1,1,0,1
mold,11,1,10,-9
afad,2,0,2,-2
hahahahahaha,1,1,0,1
miracle,4,2,2,0
mcallister,2,1,1,0
moviess,1,1,0,1
jeep,2,0,2,-2
didion,2,1,1,0
jkjk,1,1,0,1
enthusiastically,3,0,3,-3
packages,9,5,4,1
cubic,1,0,1,-1
cancer,34,13,21,-8
girly,15,13,2,11
bes,1,1,0,1
painters,1,1,0,1
cirque,145,74,71,3
springs,1,1,0,1
creatively,3,3,0,3
tagged,3,1,2,-1
rivet,8,4,4,0
disorganized,2,0,2,-2
prefix,2,1,1,0
oke,4,4,0,4
euro,1,0,1,-1
education,9,5,4,1
durham,1,1,0,1
whatsamjustsaid,1,0,1,-1
devolved,2,1,1,0
hamper,1,0,1,-1
elitistism,1,1,0,1
grapefruit,20,6,14,-8
pouch,5,2,3,-1
clicking,4,2,2,0
retail,1,1,0,1
engineering,7,4,3,1
breaking,63,25,38,-13
birth,22,6,16,-10
weichuan,3,3,0,3
bada,1,1,0,1
noon,32,13,19,-6
available,60,19,41,-22
welsh,1,1,0,1
fair,353,139,214,-75
plate,20,8,12,-4
reindeer,2,2,0,2
interacting,12,2,10,-8
produce,13,6,7,-1
t,12156,4223,7933,-3710
tunnels,1,1,0,1
elusive,1,0,1,-1
hunt,6,3,3,0
concept,44,20,24,-4
horrid,1,1,0,1
animalistic,1,1,0,1
easter,16,11,5,6
advance,14,2,12,-10
refer,16,5,11,-6
briefs,3,3,0,3
drawcord,2,1,1,0
nav,1,0,1,-1
animated,6,4,2,2
chains,4,2,2,0
overstimulation,1,0,1,-1
dwindled,2,0,2,-2
rsvped,2,0,2,-2
fault,104,44,60,-16
harvesting,3,3,0,3
hugging,3,3,0,3
splits,7,3,4,-1
useful,22,13,9,4
demeanor,6,4,2,2
blocks,22,11,11,0
vcf,7,7,0,7
hailsriles,1,0,1,-1
wilderness,4,0,4,-4
upbeat,1,0,1,-1
revise,1,0,1,-1
manually,5,3,2,1
soemthing,2,2,0,2
ref,61,24,37,-13
curries,1,1,0,1
demoting,1,1,0,1
must,175,87,88,-1
feisty,1,0,1,-1
jupiter,5,2,3,-1
draining,2,1,1,0
gameplay,1,1,0,1
chris,37,29,8,21
drama,48,33,15,18
nurture,1,1,0,1
influence,14,10,4,6
uncle,39,16,23,-7
cuteee,3,3,0,3
impatiently,2,0,2,-2
jamila,4,0,4,-4
genpop,1,1,0,1
mount,16,4,12,-8
baiting,1,1,0,1
log,9,3,6,-3
productid,1,0,1,-1
oldest,8,3,5,-2
advertising,11,5,6,-1
skittle,1,1,0,1
greys,1,1,0,1
terminals,1,1,0,1
formless,1,1,0,1
banger,13,4,9,-5
deeper,14,7,7,0
ellie,20,15,5,10
spelled,18,6,12,-6
sour,2,1,1,0
judgements,1,0,1,-1
naive,1,1,0,1
sculpture,2,1,1,0
faab,1,1,0,1
frantically,1,0,1,-1
undervaluing,2,2,0,2
teacher,24,10,14,-4
hairband,2,2,0,2
aware,37,20,17,3
ashamed,4,3,1,2
kollection,1,1,0,1
githubusercontent,1,1,0,1
metal,47,14,33,-19
wishlist,1,1,0,1
sleestack,1,0,1,-1
wavy,1,1,0,1
brace,6,3,3,0
pathways,1,0,1,-1
investigate,2,2,0,2
pea,1,0,1,-1
stressor,1,0,1,-1
digestible,2,1,1,0
lasting,5,3,2,1
charakem,1,0,1,-1
girlie,2,2,0,2
person,748,303,445,-142
keyboard,8,2,6,-4
freinds,1,1,0,1
turtles,1,1,0,1
malaise,1,1,0,1
krit,5,1,4,-3
conflated,1,1,0,1
subsidize,1,0,1,-1
misses,13,4,9,-5
lumpy,1,0,1,-1
vicinity,2,0,2,-2
wave,9,6,3,3
formally,5,2,3,-1
poorly,32,10,22,-12
owowowowow,1,1,0,1
rep,10,4,6,-2
stef,74,34,40,-6
started,437,169,268,-99
moderately,3,1,2,-1
overstay,4,3,1,2
agre,1,1,0,1
vyvanse,2,2,0,2
geese,5,1,4,-3
vet,63,16,47,-31
negative,56,35,21,14
tourist,1,0,1,-1
disproportionately,1,0,1,-1
europe,6,1,5,-4
moron,1,0,1,-1
possibility,15,9,6,3
measurable,3,2,1,1
wealth,1,1,0,1
undercling,3,0,3,-3
rollercoaster,6,2,4,-2
excess,8,5,3,2
start,2359,1869,490,1379
sickness,2,2,0,2
genderqueer,1,0,1,-1
elevation,4,1,3,-2
coincided,2,2,0,2
sticky,12,6,6,0
bride,2,1,1,0
belted,5,5,0,5
bdcd,1,0,1,-1
flinch,1,1,0,1
clicked,16,4,12,-8
twizzler,3,2,1,1
sidney,2,2,0,2
br,5,5,0,5
heartbroken,5,5,0,5
major,37,26,11,15
accused,11,2,9,-7
yogas,1,1,0,1
backyard,12,6,6,0
ddac,1,0,1,-1
commandeer,1,0,1,-1
cronin,1,0,1,-1
wins,19,12,7,5
sex,73,38,35,3
bodysuits,2,0,2,-2
swore,2,2,0,2
bittered,1,1,0,1
aafe,1,1,0,1
music,216,142,74,68
thempress,2,1,1,0
jealousy,5,3,2,1
cad,2,2,0,2
taboure,1,1,0,1
legroom,1,1,0,1
picky,17,3,14,-11
autocarpet,1,0,1,-1
pbus,1,0,1,-1
inducing,1,0,1,-1
tomboyx,2,0,2,-2
fallout,1,1,0,1
suppressive,1,0,1,-1
viv,1,1,0,1
butterfly,2,2,0,2
fade,3,0,3,-3
intellectually,1,1,0,1
itchy,10,1,9,-8
vernacular,1,1,0,1
lungs,3,2,1,1
transform,1,1,0,1
pipetting,1,0,1,-1
crunch,3,0,3,-3
bbls,1,1,0,1
codee,1,0,1,-1
farmhouse,1,1,0,1
greenmakeup,2,0,2,-2
impression,18,10,8,2
cassie,7,2,5,-3
curses,1,0,1,-1
demon,3,3,0,3
kale,8,2,6,-4
bury,3,0,3,-3
steeplechase,1,0,1,-1
noise,35,14,21,-7
runescape,54,22,32,-10
divorcing,2,0,2,-2
harriet,1,1,0,1
pheasant,1,1,0,1
tusk,2,1,1,0
ton,29,22,7,15
pokes,1,0,1,-1
dinners,5,2,3,-1
floaties,2,0,2,-2
garfield,3,2,1,1
scrawny,3,0,3,-3
paneer,2,0,2,-2
rides,8,0,8,-8
unmmmn,1,1,0,1
crossing,6,0,6,-6
potentially,75,44,31,13
waterloo,3,2,1,1
resolution,12,5,7,-2
likelihood,1,0,1,-1
stampede,1,0,1,-1
assessment,4,1,3,-2
lv,35,10,25,-15
buy,473,159,314,-155
duds,1,0,1,-1
brian's,1,0,1,-1
making,464,150,314,-164
barking,45,15,30,-15
noticing,13,3,10,-7
bets,2,1,1,0
condescendingly,1,0,1,-1
shines,2,1,1,0
wardrobe,7,6,1,5
presenting,4,2,2,0
ffas,3,1,2,-1
powder,8,2,6,-4
narcissist,2,2,0,2
sleepover,17,3,14,-11
predicted,7,4,3,1
expectantly,1,0,1,-1
counters,6,3,3,0
murdered,7,1,6,-5
alive,23,12,11,1
tjere,1,1,0,1
blanky,6,2,4,-2
talker,1,0,1,-1
glow,1,1,0,1
sliding,15,6,9,-3
addictions,1,1,0,1
left,387,120,267,-147
aneurysm,1,0,1,-1
giardia,1,0,1,-1
director,19,5,14,-9
splotchy,1,1,0,1
grownup,4,1,3,-2
sunscreen,1,0,1,-1
tell,1399,609,790,-181
driver,21,11,10,1
salem,1,0,1,-1
xl,2,0,2,-2
anxiety,64,40,24,16
nuclear,4,4,0,4
concepts,5,2,3,-1
feelings,161,85,76,9
carried,9,2,7,-5
redistribution,2,1,1,0
wunder,3,3,0,3
ruin,26,9,17,-8
counterpoint,5,2,3,-1
seeds,8,4,4,0
thangs,1,1,0,1
screen,56,30,26,4
diino,1,1,0,1
monkeys,7,6,1,5
lotus,26,21,5,16
march,40,17,23,-6
what,4992,2312,2680,-368
unexplored,1,1,0,1
monsterverse,2,2,0,2
algae,1,0,1,-1
absence,4,4,0,4
inclusivity,1,1,0,1
our,625,286,339,-53
mystical,1,1,0,1
tf,4,4,0,4
commutes,1,1,0,1
nilly,2,0,2,-2
yesssss,3,3,0,3
fink,1,1,0,1
patrons,3,2,1,1
somewhat,17,13,4,9
diego,6,3,3,0
concussion,1,0,1,-1
bourbon,1,1,0,1
breeding,6,1,5,-4
accusing,1,0,1,-1
unblocked,1,1,0,1
diehard,1,1,0,1
tuckerwoman,6,2,4,-2
hp,1,0,1,-1
zsssujh,1,0,1,-1
cheque,1,1,0,1
cater,2,1,1,0
outgoing,1,1,0,1
girlfriend,177,79,98,-19
abuse,13,6,7,-1
transposition,1,1,0,1
pollutants,2,2,0,2
heelers,4,2,2,0
pander,3,1,2,-1
stapled,2,1,1,0
peaches,2,1,1,0
tty,1,1,0,1
assured,1,0,1,-1
bit,576,293,283,10
charactered,1,1,0,1
whattt,2,2,0,2
disposable,1,1,0,1
eligible,4,2,2,0
orlagartland,2,0,2,-2
fillings,1,1,0,1
territorial,1,1,0,1
paradox,2,2,0,2
padding,1,0,1,-1
wishes,16,8,8,0
perplexing,2,0,2,-2
definitions,5,3,2,1
resulting,1,0,1,-1
design,109,66,43,23
vigilanteshit,1,0,1,-1
fleetwood,2,2,0,2
adoption,3,2,1,1
lazy,17,6,11,-5
landlords,5,5,0,5
shiny,14,7,7,0
desperately,19,11,8,3
combines,2,0,2,-2
funnily,4,1,3,-2
crawly,1,1,0,1
protected,1,0,1,-1
deaf,3,2,1,1
comfyearrings,1,0,1,-1
reproductive,2,0,2,-2
preventing,1,1,0,1
herstory,1,1,0,1
peta,1,1,0,1
di,1,1,0,1
disgusting,23,20,3,17
boyfriends,28,18,10,8
jed,3,0,3,-3
makenna,1,1,0,1
designers,1,0,1,-1
rebind,2,0,2,-2
thingy,4,3,1,2
taped,3,1,2,-1
inseam,3,1,2,-1
international,7,2,5,-3
owed,3,1,2,-1
mercedes,46,2,44,-42
fab,1,1,0,1
ass,18,14,4,10
blair,5,4,1,3
cfcc,1,0,1,-1
tim,1,1,0,1
scanners,1,1,0,1
hairstyles,1,1,0,1
mmmm,28,26,2,24
coupons,1,0,1,-1
arlo,5,4,1,3
retexturing,1,0,1,-1
rupi,5,3,2,1
opinions,117,54,63,-9
upstream,1,0,1,-1
prolonged,3,2,1,1
potassium,1,1,0,1
suited,1,0,1,-1
talking,535,274,261,13
reciprocated,1,1,0,1
ds,4,3,1,2
bart,11,8,3,5
poked,6,1,5,-4
broken,92,29,63,-34
linkid,2,0,2,-2
formed,4,1,3,-2
decor,2,2,0,2
models,11,6,5,1
afford,35,5,30,-25
interpretation,9,7,2,5
spline,1,0,1,-1
unharmed,1,1,0,1
aimee,4,4,0,4
bravery,10,6,4,2
initials,3,3,0,3
coordinator,10,3,7,-4
raise,57,21,36,-15
slept,23,11,12,-1
disruption,2,0,2,-2
danes's,1,0,1,-1
accomplished,4,0,4,-4
instantly,40,18,22,-4
overhead,3,2,1,1
caliber,1,1,0,1
cascades,1,1,0,1
truly,164,68,96,-28
flannel,4,2,2,0
lightly,3,2,1,1
ik,7,7,0,7
dangerous,22,16,6,10
access,27,17,10,7
gore,5,2,3,-1
bunker,2,0,2,-2
ha,4,2,2,0
grandmasters,1,1,0,1
positively,12,5,7,-2
twin,12,4,8,-4
cross,35,17,18,-1
gasped,2,1,1,0
rolls,8,1,7,-6
madman,1,1,0,1
prostate,1,1,0,1
exactly,308,111,197,-86
diagnoses,1,1,0,1
bumping,2,0,2,-2
thanked,3,0,3,-3
abab,2,1,1,0
introduces,3,1,2,-1
accusations,1,1,0,1
spoke,8,4,4,0
maroon,13,7,6,1
epsom,4,2,2,0
narratively,1,1,0,1
judged,1,0,1,-1
inevitability,1,1,0,1
russian,5,2,3,-1
painful,10,4,6,-2
devided,0,0,0,0
smelling,4,4,0,4
guide,15,4,11,-7
firm,14,5,9,-4
hobbyist,1,1,0,1
cranberries,6,3,3,0
salary,5,3,2,1
practicality,1,1,0,1
trixie,2,2,0,2
child,45,25,20,5
whisky,1,1,0,1
ventana,2,0,2,-2
unwell,1,0,1,-1
field,30,8,22,-14
compliment,34,18,16,2
eilish,1,1,0,1
goddess,1,1,0,1
sundown,1,0,1,-1
hmm,72,59,13,46
nicest,11,4,7,-3
ism,4,1,3,-2
pippa,2,2,0,2
callus,1,0,1,-1
nonconfrontational,1,0,1,-1
sowing,1,1,0,1
asperger,1,0,1,-1
distinction,3,2,1,1
move,436,147,289,-142
adapting,1,0,1,-1
instead,279,107,172,-65
reassess,1,0,1,-1
crabs,6,4,2,2
shoe,84,34,50,-16
rolly,1,0,1,-1
chameleon,2,2,0,2
murphy,4,3,1,2
material,31,16,15,1
tennant,1,1,0,1
cishet,3,3,0,3
zen,4,4,0,4
eyeballs,4,1,3,-2
marvel,11,7,4,3
penrose,1,0,1,-1
volume,46,9,37,-28
odd,45,31,14,17
libra,2,1,1,0
unrelatable,1,0,1,-1
decorated,1,1,0,1
verify,1,0,1,-1
sensitivity,1,1,0,1
tunes,1,1,0,1
handling,9,3,6,-3
likeable,4,3,1,2
illustrates,1,1,0,1
socks,52,17,35,-18
sunroofs,2,1,1,0
aunt,37,19,18,1
impressive,40,18,22,-4
terracotta,2,2,0,2
checklist,1,1,0,1
exposure,5,4,1,3
thorough,9,1,8,-7
censoring,2,0,2,-2
enters,1,0,1,-1
opaque,1,0,1,-1
assist,6,2,4,-2
chew,13,6,7,-1
nephews,4,1,3,-2
carrie,3,2,1,1
emoticons,1,1,0,1
chocobo,3,3,0,3
salespeople,2,1,1,0
buddhist,2,2,0,2
imposed,3,1,2,-1
gayness,1,1,0,1
yikessss,1,1,0,1
grp,1,0,1,-1
dining,7,3,4,-1
smiling,3,1,2,-1
cockroaches,1,0,1,-1
lodge,2,0,2,-2
memorized,1,0,1,-1
chai,5,1,4,-3
lifetime,16,11,5,6
bail,23,12,11,1
yourself,144,52,92,-40
fixate,1,1,0,1
ti,6,6,0,6
legendary,4,3,1,2
poky,1,0,1,-1
employment,5,3,2,1
welly,1,1,0,1
mops,1,0,1,-1
researching,5,4,1,3
avian,2,0,2,-2
circulates,1,0,1,-1
temporarily,5,4,1,3
toe,20,6,14,-8
ridicule,2,0,2,-2
godmother,2,2,0,2
cray,1,1,0,1
doctor,169,114,55,59
doesn't,2,1,1,0
reprint,1,1,0,1
doper,1,1,0,1
cultures,2,0,2,-2
hears,14,10,4,6
narrowing,1,0,1,-1
charges,3,0,3,-3
regulation,1,0,1,-1
breakouts,1,1,0,1
chee,2,0,2,-2
recycled,4,2,2,0
offended,29,6,23,-17
golf,21,11,10,1
predate,1,0,1,-1
bleeding,7,3,4,-1
feasibility,1,1,0,1
neoprene,2,1,1,0
promising,4,2,2,0
rhen,1,0,1,-1
settle,11,8,3,5
bedd,1,1,0,1
undercutting,1,0,1,-1
icy,1,0,1,-1
safesported,1,0,1,-1
npt,7,7,0,7
uncles,1,1,0,1
urinal,5,1,4,-3
exploiting,1,0,1,-1
aebe,0,0,0,0
groomsthem,3,2,1,1
barked,7,1,6,-5
overtired,1,0,1,-1
scandal,3,3,0,3
eavy,1,0,1,-1
artificially,3,0,3,-3
bis,3,0,3,-3
serum,5,5,0,5
skimmed,1,1,0,1
crags,4,1,3,-2
delicious,8,8,0,8
powerx,3,0,3,-3
calculator,5,0,5,-5
jtree,1,1,0,1
libertarian,8,1,7,-6
weeks,205,70,135,-65
theh,1,1,0,1
insanely,3,0,3,-3
balding,1,1,0,1
clamps,1,0,1,-1
balancing,1,0,1,-1
visionarytomcat,1,0,1,-1
thor,6,0,6,-6
ember,2,1,1,0
blind,34,23,11,12
helper,3,3,0,3
next,570,260,310,-50
loser,7,5,2,3
sheet,17,6,11,-5
disgust,2,2,0,2
generation,4,3,1,2
wind,6,2,4,-2
clickbaity,1,0,1,-1
approximately,27,7,20,-13
raihn,1,0,1,-1
rundown,2,2,0,2
mushrooms,9,2,7,-5
cover,97,47,50,-3
holyranchaussie,1,0,1,-1
trig,1,1,0,1
unheld,1,1,0,1
pencil,4,3,1,2
nosy,10,2,8,-6
hook,42,8,34,-26
wiggle,2,0,2,-2
championship,1,0,1,-1
brian,20,4,16,-12
applicants,1,0,1,-1
summers,4,2,2,0
known,130,59,71,-12
clumping,1,1,0,1
chemicals,11,6,5,1
overhears,1,0,1,-1
spookiness,1,0,1,-1
qr,1,0,1,-1
resignation,1,0,1,-1
shyness,3,2,1,1
thursday,54,16,38,-22
lamby,8,6,2,4
glucagon,1,0,1,-1
deciding,27,19,8,11
disadvantage,6,1,5,-4
shed,8,4,4,0
quarter,15,1,14,-13
mannerism,3,1,2,-1
listener,3,3,0,3
babysit,3,2,1,1
injustice,4,2,2,0
illiterate,2,2,0,2
unlesss,1,1,0,1
muzzle,6,1,5,-4
merge,2,2,0,2
theeeeen,1,0,1,-1
makenzie,3,0,3,-3
internalize,4,4,0,4
oscars,2,0,2,-2
tshirt,23,1,22,-21
shows,113,37,76,-39
cadens,2,2,0,2
nails,22,8,14,-6
continuation,1,1,0,1
mating,1,0,1,-1
box,87,28,59,-31
appreciative,1,0,1,-1
prison,2,0,2,-2
introduced,4,2,2,0
mandate,1,0,1,-1
abs,3,0,3,-3
maja,6,1,5,-4
renew,8,4,4,0
certainly,108,19,89,-70
chaotic,5,2,3,-1
pop,32,13,19,-6
askin,2,2,0,2
resistant,5,1,4,-3
commentary,9,8,1,7
adbe,1,1,0,1
carpets,2,1,1,0
fara,1,0,1,-1
shelves,32,3,29,-26
mentor,4,2,2,0
rupauldragrace,1,1,0,1
sooooo,23,10,13,-3
ranks,2,1,1,0
emai,1,1,0,1
restaurant,38,7,31,-24
coparents,1,0,1,-1
locations,18,6,12,-6
pit,7,2,5,-3
hellomerch,1,1,0,1
marrie,1,1,0,1
rulers,1,1,0,1
checked,69,26,43,-17
joker,5,3,2,1
stallone,2,0,2,-2
pansexual,1,1,0,1
pagan,1,1,0,1
jackson,40,21,19,2
aaca,1,1,0,1
emmener,1,1,0,1
heic,3333,1940,1393,547
impressionable,1,1,0,1
church,43,12,31,-19
carkeek,2,0,2,-2
gripped,3,3,0,3
downplay,2,2,0,2
academia,1,1,0,1
deafness,1,1,0,1
escalator,1,0,1,-1
earbuds,1,0,1,-1
awaited,1,1,0,1
girl,839,541,298,243
gestures,1,1,0,1
besties,1,0,1,-1
stitching,1,1,0,1
github,1,1,0,1
least,619,254,365,-111
watch,421,191,230,-39
wonderful,102,83,19,64
redeeming,3,1,2,-1
tolerates,2,1,1,0
cusp,2,0,2,-2
unacceptable,2,1,1,0
differences,14,4,10,-6
receive,15,5,10,-5
individual,17,11,6,5
this,14486,6169,8317,-2148
troy,2,0,2,-2
shell,1,1,0,1
whoahhhhh,1,1,0,1
taste,51,29,22,7
dysmorphia,1,1,0,1
themfriend,2,0,2,-2
eeff,1,1,0,1
native,5,4,1,3
bootcamp,1,1,0,1
seemingly,19,18,1,17
article,20,6,14,-8
silent,16,8,8,0
disproved,1,0,1,-1
joke,93,24,69,-45
boyfriend,195,102,93,9
lemon,8,2,6,-4
queergirls,2,0,2,-2
kickball,4,2,2,0
prideofgypsies,1,0,1,-1
notice,127,41,86,-45
thinker,5,4,1,3
meter,1,0,1,-1
tangible,3,1,2,-1
oversized,4,2,2,0
unfollowed,4,2,2,0
blush,4,3,1,2
fag,2,2,0,2
luckily,23,15,8,7
sizable,1,1,0,1
ill,53,49,4,45
squinting,1,0,1,-1
graph,12,4,8,-4
treated,7,4,3,1
chronic,7,4,3,1
comitted,1,0,1,-1
boob,49,14,35,-21
compartmentalize,1,0,1,-1
freaked,12,12,0,12
negatively,5,5,0,5
clumps,1,0,1,-1
hostile,2,2,0,2
lizardy,1,0,1,-1
donovanwildfongfilmed,1,1,0,1
kitchens,3,1,2,-1
passed,43,22,21,1
tax,11,4,7,-3
deciphering,1,1,0,1
raquetball,1,0,1,-1
everlux,1,1,0,1
vanilla,14,7,7,0
birds,56,14,42,-28
tidbit,6,5,1,4
eunpa,3,0,3,-3
ooooooooooh,1,1,0,1
viagra,1,0,1,-1
banded,1,0,1,-1
fanart,1,1,0,1
grigri,1,0,1,-1
vigilantly,1,0,1,-1
rowed,1,0,1,-1
climbingnation,1,0,1,-1
demos,1,0,1,-1
shimmy,2,1,1,0
poetic,2,2,0,2
blessing,8,6,2,4
ninja,1,0,1,-1
margarine,2,0,2,-2
saver,1,0,1,-1
cones,1,0,1,-1
torch,2,0,2,-2
associate,8,6,2,4
aebleskiver,1,1,0,1
silliest,3,0,3,-3
parasite,3,1,2,-1
spokes,1,1,0,1
cubicles,1,1,0,1
i've,1,0,1,-1
villagetheatre,1,0,1,-1
engines,4,2,2,0
websites,12,6,6,0
fentanyl,2,2,0,2
mulvaney,2,1,1,0
florence,10,3,7,-4
danced,1,1,0,1
majors,3,0,3,-3
emotive,1,1,0,1
woah,546,237,309,-72
overworked,1,0,1,-1
cooling,2,0,2,-2
embellishment,1,1,0,1
rehearsals,1,0,1,-1
scandinavian,1,0,1,-1
coedee,1,1,0,1
bigger,141,60,81,-21
japanese,26,14,12,2
maximize,1,0,1,-1
v,89,51,38,13
learn,115,46,69,-23
brushing,8,4,4,0
permission,34,6,28,-22
giggly,1,1,0,1
army,1,1,0,1
et,10,2,8,-6
laughing,14,6,8,-2
gatekeeped,1,1,0,1
border,14,2,12,-10
foursquare,1,1,0,1
documentary,4,1,3,-2
costing,2,1,1,0
cedar,6,1,5,-4
embarrass,8,4,4,0
statues,1,1,0,1
taco,1,0,1,-1
mood,41,23,18,5
obsessive,2,2,0,2
alignment,1,1,0,1
goddamn,3,3,0,3
curl,2,1,1,0
romantically,11,10,1,9
glance,6,6,0,6
transitions,7,1,6,-5
boyflings,2,2,0,2
owwwie,1,1,0,1
paddle,11,2,9,-7
confide,1,1,0,1
neighbor,23,9,14,-5
tournament,1,1,0,1
contributed,1,0,1,-1
macys,1,1,0,1
fuck,223,127,96,31
deleted,20,11,9,2
amazon,123,41,82,-41
niceness,1,0,1,-1
halo,7,4,3,1
disingenuous,2,0,2,-2
screens,8,2,6,-4
family,222,93,129,-36
azure,2,0,2,-2
undersell,1,0,1,-1
gosh,6,1,5,-4
crafters,1,0,1,-1
february,25,7,18,-11
torque,3,3,0,3
responses,6,2,4,-2
god,288,164,124,40
lydia,2,2,0,2
considerate,4,2,2,0
content,50,26,24,2
multiplus,2,0,2,-2
treasurer,2,2,0,2
malcom,1,1,0,1
santa,10,6,4,2
swoop,1,1,0,1
confirming,2,1,1,0
discord,21,11,10,1
grandma,44,25,19,6
aaba,1,0,1,-1
headphones,25,3,22,-19
upf,1,0,1,-1
probs,3,3,0,3
dressers,1,1,0,1
teetering,3,3,0,3
kellynicoletravel,2,2,0,2
disadvantages,1,1,0,1
dpr,1,1,0,1
cdea,1,0,1,-1
thinky,1,1,0,1
monty,1,1,0,1
lock,15,8,7,1
civil,2,1,1,0
bbab,2,0,2,-2
replacing,14,5,9,-4
genders,23,10,13,-3
swim,18,4,14,-10
compounds,1,0,1,-1
research,94,35,59,-24
poaching,1,0,1,-1
tk,2,0,2,-2
graphics,2,2,0,2
only,1809,674,1135,-461
unimportant,4,0,4,-4
fleeing,2,1,1,0
rip,13,11,2,9
admit,32,14,18,-4
air,63,30,33,-3
town,107,30,77,-47
updated,10,4,6,-2
odds,52,32,20,12
todays,6,5,1,4
christopher,4,2,2,0
invaded,1,1,0,1
depressing,20,13,7,6
arranged,3,2,1,1
salla,1,1,0,1
chained,1,0,1,-1
hinting,2,0,2,-2
tho,25,24,1,23
clipped,3,0,3,-3
unseen,1,1,0,1
chunk,3,0,3,-3
charger,23,0,23,-23
baffled,1,1,0,1
proportions,6,2,4,-2
friday,110,36,74,-38
dade,1,0,1,-1
comps,18,7,11,-4
adca,1,1,0,1
cbd,1,0,1,-1
halfway,24,8,16,-8
submarine,1,0,1,-1
christmassy,1,1,0,1
fixated,8,2,6,-4
mom,463,171,292,-121
climbable,3,1,2,-1
porta,2,1,1,0
moral,17,11,6,5
repetitive,1,0,1,-1
draft,9,5,4,1
ocean,29,8,21,-13
cardinal,1,1,0,1
returns,11,7,4,3
outsid,1,1,0,1
procedures,3,3,0,3
vindictively,1,1,0,1
na,4,4,0,4
channing,2,0,2,-2
septums,2,0,2,-2
expressive,6,4,2,2
steadily,1,0,1,-1
orthodontia,3,0,3,-3
karenpryoracademy,1,0,1,-1
explains,10,7,3,4
interrogate,1,1,0,1
reminds,35,23,12,11
yesyesyes,2,2,0,2
magnets,14,5,9,-4
headboard,1,0,1,-1
untouched,5,1,4,-3
vanderslices,1,1,0,1
meanwhile,32,1,31,-30
dreamer,1,1,0,1
try,688,259,429,-170
protecting,2,0,2,-2
ste,2,2,0,2
globalautomotorsco,1,0,1,-1
zestimate,2,2,0,2
bits,16,11,5,6
refind,1,1,0,1
stream,15,7,8,-1
soaked,1,1,0,1
final,39,20,19,1
paid,167,71,96,-25
addressed,10,2,8,-6
aebc,1,1,0,1
population,14,3,11,-8
element,13,7,6,1
communicator,2,1,1,0
puff,5,2,3,-1
knew,289,120,169,-49
bernardino,3,3,0,3
ink,4,2,2,0
crimp,17,3,14,-11
roots,3,2,1,1
asmrsounds,1,0,1,-1
outclimb,1,1,0,1
net,20,7,13,-6
ymca,1,1,0,1
legacy,1,1,0,1
pursuing,2,2,0,2
pa,1,1,0,1
transphobia,16,13,3,10
poems,10,3,7,-4
endless,22,7,15,-8
ignores,5,2,3,-1
receptors,18,3,15,-12
micromanaging,3,0,3,-3
illegal,23,10,13,-3
brother,174,71,103,-32
earring,11,5,6,-1
shortened,7,5,2,3
confined,1,0,1,-1
growl,2,0,2,-2
rvs,4,0,4,-4
deletion,1,1,0,1
britton,9,1,8,-7
age,161,112,49,63
linger,3,1,2,-1
goats,182,136,46,90
independent,14,6,8,-2
regarded,1,0,1,-1
sonja,1,0,1,-1
weirddd,1,1,0,1
distressing,3,0,3,-3
composting,2,2,0,2
keepers,2,0,2,-2
complacency,2,2,0,2
doubt,66,25,41,-16
predict,6,4,2,2
herding,3,3,0,3
tilt,1,1,0,1
anymore,171,79,92,-13
bloodbath,4,4,0,4
while,560,264,296,-32
searching,51,16,35,-19
coworkers,22,9,13,-4
worries,9,5,4,1
pascal,9,2,7,-5
couldn't,1,1,0,1
vacuumed,6,2,4,-2
invite,86,26,60,-34
mckaylia,13,13,0,13
popularity,2,2,0,2
favs,1,1,0,1
likes,302,105,197,-92
mechanics,5,4,1,3
pigmented,1,0,1,-1
jailbroken,1,1,0,1
sorta,40,39,1,38
explainers,1,0,1,-1
banner,9,2,7,-5
had,2595,929,1666,-737
contained,4,2,2,0
missing,131,95,36,59
ncbi,1,1,0,1
tonic,1,1,0,1
mat,6,3,3,0
sprocket,2,1,1,0
lynwood,1,0,1,-1
lounging,4,4,0,4
disguise,6,2,4,-2
designated,4,3,1,2
wellbutrin,22,15,7,8
painfully,1,0,1,-1
teachers,1,1,0,1
fold,9,3,6,-3
pdf,9,5,4,1
geza,2,1,1,0
eeee,1,1,0,1
germs,6,0,6,-6
commitment,3,0,3,-3
law,10,0,10,-10
cookie,2,1,1,0
found,271,147,124,23
ingrid,6,5,1,4
geodude,1,0,1,-1
brushable,1,0,1,-1
shep,4,0,4,-4
gerwig,6,3,3,0
ambidextrous,1,0,1,-1
tried,334,114,220,-106
scottish,1,1,0,1
unattended,3,0,3,-3
rat,11,8,3,5
artistically,3,3,0,3
testament,3,2,1,1
feels,343,144,199,-55
severely,1,1,0,1
outfitted,1,1,0,1
perimeter,1,0,1,-1
deviate,1,0,1,-1
we're,1,0,1,-1
approve,8,4,4,0
property,19,7,12,-5
messes,8,3,5,-2
cycle,31,8,23,-15
tounge,2,2,0,2
consult,4,2,2,0
actually,1629,723,906,-183
semiannual,1,0,1,-1
unkept,1,1,0,1
cementing,1,0,1,-1
paintings,7,5,2,3
basketball,9,3,6,-3
homes,19,6,13,-7
eitherrrrr,1,1,0,1
confused,117,40,77,-37
entertain,3,3,0,3
stubs,1,1,0,1
tenayas,2,0,2,-2
wild,54,43,11,32
invalid,1,0,1,-1
tests,15,10,5,5
dear,16,6,10,-4
tortoise,2,1,1,0
aiden,3,0,3,-3
slower,12,6,6,0
ana,5,4,1,3
deception,2,2,0,2
ur,4,2,2,0
veggies,3,1,2,-1
individuals,3,3,0,3
zillenial,1,0,1,-1
fibers,2,2,0,2
prior,7,6,1,5
tnuts,15,2,13,-11
disqualify,1,0,1,-1
maid,1,1,0,1
imaginable,3,1,2,-1
primitive,1,0,1,-1
bribery,1,0,1,-1
puddle,2,0,2,-2
grievances,4,1,3,-2
cheetahs,1,0,1,-1
kpupsforlove,5,0,5,-5
psychic,5,4,1,3
autonomy,1,0,1,-1
eats,20,8,12,-4
payed,1,0,1,-1
tom,15,11,4,7
crawled,2,2,0,2
satin,7,0,7,-7
mopped,1,0,1,-1
touching,35,8,27,-19
girardin,2,2,0,2
exam,4,3,1,2
productive,18,13,5,8
trespassing,1,0,1,-1
pt,14,7,7,0
ages,10,4,6,-2
together,390,164,226,-62
google,125,51,74,-23
tomboys,2,0,2,-2
bands,16,14,2,12
validated,9,5,4,1
beneficiary,1,1,0,1
topped,3,0,3,-3
taksie,1,1,0,1
antivaxxer,1,0,1,-1
oriented,1,0,1,-1
pinches,1,0,1,-1
scarier,1,0,1,-1
fine,481,130,351,-221
lima,2,2,0,2
scarpas,1,0,1,-1
sequence,6,4,2,2
skiing,7,0,7,-7
suggestions,12,6,6,0
clocks,1,0,1,-1
mopping,3,0,3,-3
canon,2,0,2,-2
trauma,7,3,4,-1
structural,3,3,0,3
himmed,1,0,1,-1
cardioid,1,1,0,1
builds,14,7,7,0
theythemming,2,2,0,2
hollywoo,4,0,4,-4
storys,1,1,0,1
dna,6,2,4,-2
entertainment,4,2,2,0
aizla,1,0,1,-1
rembo,1,1,0,1
refrain,1,1,0,1
clump,1,1,0,1
guests,22,8,14,-6
constellation,1,0,1,-1
tire,22,4,18,-14
bday,3,3,0,3
radically,3,3,0,3
babynames,1,0,1,-1
hers,34,7,27,-20
montage,4,4,0,4
suspect,11,5,6,-1
focusing,3,1,2,-1
blood,113,55,58,-3
dickhead,2,2,0,2
twins,11,5,6,-1
borderline,1,1,0,1
so,10296,4224,6072,-1848
robbie,5,1,4,-3
rsvp,1,1,0,1
up,2752,1160,1592,-432
realizations,1,1,0,1
mckenna,8,6,2,4
pussycat,1,1,0,1
undoes,1,0,1,-1
annually,1,1,0,1
hepatitis,1,1,0,1
halfs,1,0,1,-1
dmv,1,1,0,1
hugo,3,2,1,1
wise,49,40,9,31
bin,3,0,3,-3
seatac,1,1,0,1
backup,12,6,6,0
boeing,4,3,1,2
darnielles,2,2,0,2
implicate,1,0,1,-1
abbreviate,1,1,0,1
lookalikes,1,1,0,1
corynnandachilles,1,0,1,-1
reflection,10,6,4,2
hormonal,6,4,2,2
create,17,4,13,-9
psyched,14,4,10,-6
talked,201,104,97,7
webbing,5,1,4,-3
ytd,1,0,1,-1
digits,3,0,3,-3
blender,6,6,0,6
inhaling,1,0,1,-1
stages,11,5,6,-1
iconicly,1,1,0,1
furiosa,3,1,2,-1
obscured,2,1,1,0
aabe,1,1,0,1
corvallis,1,0,1,-1
halmrast,1,0,1,-1
endocrinol,1,0,1,-1
moisture,11,2,9,-7
mckinnon,1,0,1,-1
waitlist,3,2,1,1
ine,1,0,1,-1
ironic,4,3,1,2
yuo,1,1,0,1
pig,5,2,3,-1
minnie,3,0,3,-3
insinuated,2,2,0,2
scooters,2,2,0,2
wavered,1,0,1,-1
pissy,1,1,0,1
profit,9,3,6,-3
huff,2,2,0,2
alyssa,1,0,1,-1
participants,3,1,2,-1
eventful,2,1,1,0
wouldn,510,184,326,-142
linings,1,1,0,1
treating,4,1,3,-2
vigilant,1,0,1,-1
nipples,20,9,11,-2
lactating,1,1,0,1
buckling,1,0,1,-1
soaring,1,0,1,-1
captured,5,2,3,-1
maddie,49,34,15,19
benzene,1,0,1,-1
quest,3,1,2,-1
erasers,4,1,3,-2
overtheroad,1,1,0,1
wokest,1,1,0,1
spotter,3,1,2,-1
optimize,1,1,0,1
sym,1,0,1,-1
fiflthy,1,1,0,1
diagram,11,3,8,-5
creates,8,2,6,-4
sizes,42,8,34,-26
inherited,3,0,3,-3
clumpy,2,0,2,-2
cups,5,1,4,-3
showers,9,5,4,1
tarnish,1,1,0,1
pnw,4,1,3,-2
feets,3,0,3,-3
psychics,1,1,0,1
brag,23,11,12,-1
nicotine,8,5,3,2
indeterminate,1,0,1,-1
succeed,8,3,5,-2
supporter,3,3,0,3
abby,7,0,7,-7
walnuts,4,4,0,4
spikey,1,1,0,1
sayin,1,1,0,1
bloating,1,0,1,-1
paycheck,6,1,5,-4
wont,8,6,2,4
hectic,3,0,3,-3
tendencies,3,3,0,3
brow,5,2,3,-1
weekday,8,0,8,-8
tested,16,7,9,-2
sirn,1,0,1,-1
shaming,2,0,2,-2
disowned,3,2,1,1
chaining,1,1,0,1
nowhere,31,8,23,-15
squeaked,1,0,1,-1
urgently,1,1,0,1
bellingham,21,1,20,-19
industry,26,15,11,4
presses,1,1,0,1
figgy,1,0,1,-1
rearrange,1,0,1,-1
dozens,8,5,3,2
lion,6,2,4,-2
peoples,11,6,5,1
pivoted,9,0,9,-9
lips,9,5,4,1
hormone,45,31,14,17
architects,1,0,1,-1
cleans,2,1,1,0
angelic,3,3,0,3
dorky,5,5,0,5
beans,65,14,51,-37
plex,1,1,0,1
suspected,7,0,7,-7
papa,2,2,0,2
premeditated,4,0,4,-4
phenotype,1,0,1,-1
gif,8,7,1,6
dont,129,120,9,111
intoxicated,5,5,0,5
prosciutto,3,1,2,-1
codependency,1,1,0,1
jb,1,1,0,1
bfed,1,0,1,-1
manipulative,9,6,3,3
bret,9,2,7,-5
kaden,22,19,3,16
buyout,1,1,0,1
trolling,4,2,2,0
signs,19,10,9,1
pho,2,1,1,0
privates,1,0,1,-1
fingers,34,11,23,-12
correlated,3,0,3,-3
autostraddle,1,1,0,1
mornings,12,4,8,-4
smothering,1,0,1,-1
sensitive,38,17,21,-4
receptionists,3,3,0,3
biothanedoggear,1,0,1,-1
brownish,1,0,1,-1
refrigerators,3,1,2,-1
chased,2,0,2,-2
bakes,2,0,2,-2
consultants,1,0,1,-1
refused,12,1,11,-10
barracuda,1,0,1,-1
nics,9,9,0,9
produced,6,4,2,2
indoor,20,11,9,2
gypsy,5,3,2,1
arte,1,1,0,1
drift,1,1,0,1
buried,2,0,2,-2
coussins,1,1,0,1
hamstring,1,0,1,-1
copy,16,13,3,10
shuttle,5,1,4,-3
calvin,2,0,2,-2
tune,7,1,6,-5
concluding,2,0,2,-2
chopped,1,1,0,1
moss,2,0,2,-2
active,21,15,6,9
einstein,1,0,1,-1
natalie,5,4,1,3
hiked,3,0,3,-3
analysis,6,5,1,4
reselect,1,1,0,1
grater,3,0,3,-3
werid,3,2,1,1
miles,81,23,58,-35
parental,2,0,2,-2
alaska,6,2,4,-2
booked,11,2,9,-7
weakens,1,0,1,-1
gmail,6,4,2,2
replay,1,0,1,-1
ist,2,0,2,-2
chamber,3,1,2,-1
sellers,1,1,0,1
pooping,11,1,10,-9
debate,36,15,21,-6
everywhere,41,22,19,3
meeeeeee,1,1,0,1
pandering,2,2,0,2
caldwell,1,0,1,-1
concoct,1,0,1,-1
cancelling,4,1,3,-2
analyzing,1,0,1,-1
prints,5,2,3,-1
coowner,1,1,0,1
manage,15,3,12,-9
rustic,2,1,1,0
odyssey,2,0,2,-2
houston,1,0,1,-1
forbid,7,7,0,7
woman,292,135,157,-22
events,23,8,15,-7
startling,3,0,3,-3
dickens,2,0,2,-2
hunk,1,1,0,1
ioc,11,1,10,-9
mediocre,9,1,8,-7
enough,808,270,538,-268
partum,3,0,3,-3
road,51,26,25,1
categorically,4,0,4,-4
intersection,6,2,4,-2
romper,17,4,13,-9
pro,73,21,52,-31
unicorn,1,1,0,1
whine,8,5,3,2
cheek,10,6,4,2
resale,6,2,4,-2
transcribed,1,1,0,1
mentally,13,12,1,11
tension,35,16,19,-3
plop,1,0,1,-1
breakups,4,4,0,4
subconsciously,5,3,2,1
emailing,2,0,2,-2
equation,11,3,8,-5
shrugged,1,0,1,-1
women,464,245,219,26
gates,4,2,2,0
hopped,2,0,2,-2
und,1,1,0,1
touched,18,7,11,-4
gamer,3,3,0,3
enraging,3,0,3,-3
croissant,1,1,0,1
obstacle,2,2,0,2
chit,6,2,4,-2
tent,7,1,6,-5
printing,7,5,2,3
whidbey,2,0,2,-2
accountability,3,3,0,3
mastress,3,0,3,-3
crashing,2,1,1,0
beggging,1,1,0,1
forehead,8,4,4,0
skulls,2,2,0,2
subscriptions,3,2,1,1
gravitate,2,2,0,2
round,48,18,30,-12
appreciated,5,0,5,-5
powercare,2,2,0,2
fbdb,1,1,0,1
ending,24,8,16,-8
bathroom,89,30,59,-29
asset,1,1,0,1
sold,60,20,40,-20
ivory,2,2,0,2
cricket,6,1,5,-4
undefinable,1,0,1,-1
bitchhhh,1,1,0,1
damning,1,1,0,1
aaeb,1,0,1,-1
do,6121,3254,2867,387
bulb,3,1,2,-1
financial,15,8,7,1
scoop,7,0,7,-7
dougweaverart,2,0,2,-2
erase,3,3,0,3
dms,13,9,4,5
romance,10,5,5,0
stamina,1,1,0,1
shorts,115,37,78,-41
reluctantly,5,3,2,1
repeat,21,4,17,-13
experiment,36,14,22,-8
beds,16,9,7,2
valentines,6,4,2,2
pinned,1,0,1,-1
wigs,5,3,2,1
beec,1,1,0,1
randomized,2,0,2,-2
habit,12,7,5,2
republican,11,4,7,-3
electro,1,0,1,-1
strapping,2,0,2,-2
conventionally,3,0,3,-3
queerer,1,1,0,1
reverse,14,3,11,-8
unclosed,1,1,0,1
pdfs,2,2,0,2
male,32,17,15,2
tomatoes,3,2,1,1
squirm,1,1,0,1
largest,14,2,12,-10
monotherapy,1,1,0,1
belay,7,5,2,3
armo,1,1,0,1
cereal,3,1,2,-1
rr,1,1,0,1
ahhhh,8,6,2,4
apocalyptic,1,0,1,-1
cyber,4,2,2,0
raspberry,10,2,8,-6
allisonkuch,1,0,1,-1
explainable,2,2,0,2
overdosed,1,1,0,1
id,125,113,12,101
boxtel,1,0,1,-1
stoping,1,1,0,1
electricity,6,2,4,-2
cardigans,2,0,2,-2
tracking,5,3,2,1
skatepark,3,2,1,1
ellison,1,1,0,1
participated,3,0,3,-3
squishy,1,0,1,-1
automatically,16,11,5,6
avoided,7,4,3,1
stoop,1,0,1,-1
youuuuu,2,2,0,2
promoter,1,1,0,1
devalue,3,0,3,-3
thurmans,1,1,0,1
stocks,5,3,2,1
friend,740,389,351,38
aww,46,36,10,26
hahaha,54,47,7,40
hypoallergenic,1,0,1,-1
relate,35,18,17,1
nonononono,4,4,0,4
airbnbs,1,0,1,-1
zion,15,9,6,3
undercompensated,1,0,1,-1
polycule,1,1,0,1
incorporates,2,0,2,-2
unpainted,2,2,0,2
summarize,2,2,0,2
bbff,2,1,1,0
predictably,3,0,3,-3
genre,13,6,7,-1
yet,436,155,281,-126
towering,1,0,1,-1
sanding,4,2,2,0
messy,16,10,6,4
kelsi,1,1,0,1
bbdf,1,0,1,-1
instrument,4,4,0,4
elaborated,3,0,3,-3
n,29,14,15,-1
explore,10,2,8,-6
dreaming,4,0,4,-4
concentrate,2,0,2,-2
bracing,1,0,1,-1
smokers,1,0,1,-1
surface,22,10,12,-2
ittt,1,1,0,1
seashell,1,1,0,1
yorkies,1,0,1,-1
hazardous,1,0,1,-1
al,2,2,0,2
mo,11,6,5,1
forerunners,2,1,1,0
absolute,31,2,29,-27
scissors,7,1,6,-5
advantages,7,5,2,3
annette,1,0,1,-1
bite,43,11,32,-21
lara,11,0,11,-11
chelsea,7,7,0,7
grounded,1,1,0,1
tires,16,4,12,-8
scolds,1,0,1,-1
mimosa,1,1,0,1
overthinking,6,1,5,-4
ell,1,1,0,1
minnesota,3,1,2,-1
coons,1,1,0,1
discount,68,12,56,-44
tapio,1,0,1,-1
charlotte,2,1,1,0
slap,1,1,0,1
vocabulary,7,3,4,-1
isla,21,10,11,-1
cate,15,14,1,13
reasonability,1,1,0,1
rituals,1,1,0,1
cringy,1,0,1,-1
romcom,1,0,1,-1
availables,1,0,1,-1
sharing,59,34,25,9
coddling,2,1,1,0
sportif,2,2,0,2
bugs,9,3,6,-3
their,978,397,581,-184
nt,2,2,0,2
shepherds,3,2,1,1
recipe,11,7,4,3
zoomed,4,0,4,-4
lac,1,0,1,-1
agility,3,2,1,1
crossbody,6,6,0,6
weeeeell,1,0,1,-1
rants,2,1,1,0
redbull,2,2,0,2
owowow,1,1,0,1
cpc,3,0,3,-3
aussies,3,1,2,-1
packs,3,0,3,-3
eta,2,0,2,-2
nolan,2,1,1,0
sweet,70,49,21,28
pressured,3,1,2,-1
shampoos,1,1,0,1
toothbrushing,1,0,1,-1
er,3,2,1,1
metropolitan,1,0,1,-1
observed,3,3,0,3
lacking,5,4,1,3
asd,1,0,1,-1
shaped,37,19,18,1
calico,2,0,2,-2
unhinged,7,1,6,-5
katarina,1,1,0,1
nutritional,1,1,0,1
mad,384,146,238,-92
murders,2,0,2,-2
wholesale,2,0,2,-2
crimper,4,1,3,-2
bryan,22,11,11,0
evee,2,2,0,2
cites,2,2,0,2
photogenic,2,2,0,2
bookmarks,1,0,1,-1
provides,6,3,3,0
wakes,5,2,3,-1
growling,4,1,3,-2
alas,4,1,3,-2
rescuing,1,0,1,-1
courtyard,1,0,1,-1
strip,20,4,16,-12
misplaced,1,0,1,-1
paternity,4,1,3,-2
ball,75,33,42,-9
pyramid,5,1,4,-3
handwriting,3,1,2,-1
versus,3,3,0,3
talents,1,1,0,1
pill,24,7,17,-10
competent,4,2,2,0
stuf,1,1,0,1
broadcasting,1,1,0,1
unenforceable,2,2,0,2
pmax,1,0,1,-1
mathew,4,4,0,4
nah,22,11,11,0
mixed,30,16,14,2
retainer,1,1,0,1
evangelical,1,0,1,-1
expensive,218,83,135,-52
sun,18,10,8,2
prospect,2,1,1,0
nostalgic,1,0,1,-1
internalized,5,2,3,-1
marias,1,1,0,1
roasting,1,0,1,-1
starlink,2,1,1,0
gentrify,1,0,1,-1
attorney,2,1,1,0
brainstormed,1,0,1,-1
keller,1,0,1,-1
minmax,1,1,0,1
chuffing,1,1,0,1
haus,1,1,0,1
relisten,2,2,0,2
billboards,1,0,1,-1
carton,3,1,2,-1
minority,6,2,4,-2
shadow,4,2,2,0
screenshot,45,28,17,11
partly,18,10,8,2
tmg,3,3,0,3
splice,1,1,0,1
tainted,1,0,1,-1
mosts,2,2,0,2
asexual,2,1,1,0
affirmation,6,6,0,6
lumped,4,0,4,-4
pepper,7,4,3,1
marketplace,21,9,12,-3
garlic,3,1,2,-1
versatility,1,0,1,-1
stink,2,1,1,0
formalities,1,1,0,1
punches,7,4,3,1
xylitol,3,1,2,-1
others,114,62,52,10
seratonin,2,2,0,2
anyones,1,1,0,1
propped,1,0,1,-1
subjective,4,3,1,2
menorah,1,0,1,-1
laziness,3,1,2,-1
all,3575,1460,2115,-655
ted,15,13,2,11
artsy,3,3,0,3
ren,3,2,1,1
responsibility,16,7,9,-2
system,125,48,77,-29
sped,2,0,2,-2
hadley,1,0,1,-1
such,420,259,161,98
cv,1,0,1,-1
isometric,1,1,0,1
embryos,2,0,2,-2
hyphenated,3,2,1,1
ive,83,81,2,79
irrelevant,47,13,34,-21
lobsters,1,1,0,1
basil,3,0,3,-3
respectable,7,3,4,-1
chutzpah,6,0,6,-6
pitt,2,2,0,2
ambiguous,3,3,0,3
zheana,1,1,0,1
abolish,4,0,4,-4
poll,16,8,8,0
running,147,60,87,-27
mocking,2,2,0,2
madder,1,0,1,-1
jd,12,9,3,6
fiance,5,2,3,-1
ughh,2,2,0,2
improv,1,1,0,1
el,6,1,5,-4
clyde,2,2,0,2
juggy,5,1,4,-3
disobedient,1,1,0,1
sounding,18,11,7,4
industrial,6,4,2,2
markonyou,1,0,1,-1
pompous,1,1,0,1
labeled,7,0,7,-7
utilization,1,1,0,1
protects,1,1,0,1
nexplanon,2,0,2,-2
casting,1,1,0,1
debunked,1,1,0,1
maria,50,41,9,32
estrodiol,4,4,0,4
scheming,1,0,1,-1
noncomplicated,1,0,1,-1
surgery,86,39,47,-8
platinum,3,1,2,-1
nuggets,1,0,1,-1
quesadilla,3,0,3,-3
nononononono,1,1,0,1
hahahahhaah,1,1,0,1
jarring,4,1,3,-2
proceeding,2,2,0,2
uh,111,77,34,43
pipeline,0,0,0,0
exceptions,9,1,8,-7
roofers,2,0,2,-2
markets,2,1,1,0
lil,228,5,223,-218
measurer,3,2,1,1
impatient,9,3,6,-3
carson,1,1,0,1
extending,2,2,0,2
hems,1,1,0,1
milfie,1,1,0,1
owner,73,20,53,-33
vastly,2,2,0,2
renaissance,1,0,1,-1
bothering,14,6,8,-2
george,31,17,14,3
erica,8,1,7,-6
tytyty,7,7,0,7
edible,5,4,1,3
null,3,1,2,-1
fed,12,7,5,2
organicclimbing,1,0,1,-1
profession,3,3,0,3
gliding,1,1,0,1
degrade,3,0,3,-3
freya,2,0,2,-2
generally,55,35,20,15
toying,1,1,0,1
aggressively,3,0,3,-3
greater,3,0,3,-3
dumber,8,5,3,2
tearing,6,3,3,0
congratulates,1,0,1,-1
midsommar,1,0,1,-1
waproviderone,1,1,0,1
shoppromesa,1,0,1,-1
rampant,2,2,0,2
boobs,140,79,61,18
bluntly,1,1,0,1
prostitute,2,2,0,2
proposed,4,2,2,0
from,2378,942,1436,-494
mascara,2,2,0,2
sac,3,0,3,-3
norm,4,4,0,4
gues,1,1,0,1
ungodly,1,0,1,-1
boooooooooooo,1,1,0,1
sinceyougotyourdegree,1,0,1,-1
technique,8,3,5,-2
glitch,2,2,0,2
fistfuls,1,0,1,-1
slyly,1,1,0,1
apollo,1,0,1,-1
corviknight,1,1,0,1
lace,12,11,1,10
dragos,5,2,3,-1
chatter,2,0,2,-2
cello,1,0,1,-1
accidents,3,0,3,-3
waaaaaah,1,0,1,-1
lang,4,4,0,4
yearns,1,1,0,1
wsc,1,0,1,-1
vanity,3,2,1,1
talkin,1,1,0,1
tenofovir,1,1,0,1
unioning,1,1,0,1
andre,3,2,1,1
mage,1,1,0,1
triathalons,1,1,0,1
kirby,4,4,0,4
commit,31,13,18,-5
distaste,1,1,0,1
encounters,2,0,2,-2
pillows,7,6,1,5
modelid,1,0,1,-1
adapter,9,2,7,-5
bcfd,1,1,0,1
conversing,2,1,1,0
aded,1,0,1,-1
wash,31,10,21,-11
forum,1,1,0,1
unhelpful,13,3,10,-7
crave,10,8,2,6
titanfall,2,1,1,0
lilith,6,4,2,2
wastes,2,2,0,2
lend,3,0,3,-3
greens,3,3,0,3
hl,1,1,0,1
woild,1,1,0,1
obscenely,1,0,1,-1
xs,13,1,12,-11
katyazamolodchikova,1,1,0,1
tasted,1,1,0,1
handshake,2,1,1,0
brynn,1,0,1,-1
dances,3,2,1,1
encourage,8,5,3,2
supplies,6,2,4,-2
paste,6,3,3,0
bubbles,7,2,5,-3
nakey,5,0,5,-5
ultrasound,3,1,2,-1
homemade,1,0,1,-1
frame,27,13,14,-1
drills,11,3,8,-5
vegetarian,23,11,12,-1
dragon,11,4,7,-3
orangutans,1,1,0,1
homophones,1,1,0,1
enter,9,3,6,-3
drank,17,14,3,11
versions,27,7,20,-13
hindsight,7,6,1,5
averse,3,0,3,-3
trailhead,4,1,3,-2
tolerance,12,9,3,6
ickier,1,0,1,-1
fada,1,1,0,1
facebook,32,16,16,0
planning,68,20,48,-28
packet,1,1,0,1
amelia,3,1,2,-1
if,5791,2497,3294,-797
approximating,1,1,0,1
lacrosse,1,0,1,-1
iguana,2,1,1,0
ununsend,1,0,1,-1
should,1207,612,595,17
vpls,1,0,1,-1
creamy,1,0,1,-1
birthday,206,90,116,-26
diary,5,3,2,1
oooks,1,1,0,1
transdermal,1,0,1,-1
energetic,1,1,0,1
mac,59,12,47,-35
nerdy,5,2,3,-1
royalty,1,1,0,1
producing,5,0,5,-5
johm,1,1,0,1
radar,11,7,4,3
registration,4,2,2,0
fabrics,2,1,1,0
deem,1,0,1,-1
keyhole,2,0,2,-2
loosco,3,2,1,1
phase,41,16,25,-9
bitchier,1,1,0,1
suppose,87,31,56,-25
nalgene,1,1,0,1
inexpensive,5,2,3,-1
breezy,4,0,4,-4
keyring,2,2,0,2
believes,10,4,6,-2
xrays,1,0,1,-1
furniture,9,2,7,-5
organizations,1,1,0,1
leaks,18,4,14,-10
reactivedogs,1,0,1,-1
doggearaddiction,1,0,1,-1
chimed,1,0,1,-1
very,2442,1150,1292,-142
bisexual,9,4,5,-1
bothersome,2,1,1,0
ch,1,0,1,-1
obligations,1,1,0,1
multitude,1,0,1,-1
bacb,1,1,0,1
hana,440,330,110,220
mhmm,3,3,0,3
storage,17,5,12,-7
liekly,1,1,0,1
systematically,2,2,0,2
laura,35,4,31,-27
embarrassingly,3,2,1,1
dune,14,1,13,-12
panel,30,10,20,-10
countless,1,0,1,-1
pets,68,15,53,-38
vfunny,1,1,0,1
tuck,3,1,2,-1
midst,2,1,1,0
changy,1,1,0,1
wor,1,1,0,1
boulderinglife,1,0,1,-1
subtle,18,8,10,-2
projecting,10,4,6,-2
suspecting,1,0,1,-1
alternate,15,3,12,-9
deficient,3,1,2,-1
hpv,2,2,0,2
crucify,2,2,0,2
tying,2,0,2,-2
thoe,1,1,0,1
compromised,5,0,5,-5
freezers,1,0,1,-1
pranking,1,0,1,-1
tornado,8,1,7,-6
goodmorning,3,3,0,3
dfef,1,0,1,-1
kisses,3,2,1,1
vaccinations,1,0,1,-1
cutie,16,16,0,16
gatekeep,1,1,0,1
yell,23,9,14,-5
flinging,2,0,2,-2
storms,1,1,0,1
parton,2,1,1,0
rockets,2,1,1,0
camps,2,1,1,0
tang,1,0,1,-1
splitsed,1,0,1,-1
spam,2,2,0,2
dresses,55,35,20,15
playing,134,60,74,-14
hive,2,2,0,2
necks,2,2,0,2
conquer,1,0,1,-1
nvm,2,2,0,2
expanded,4,1,3,-2
doormat,2,1,1,0
scanned,7,2,5,-3
reword,1,0,1,-1
outb,1,1,0,1
mt,7,2,5,-3
turn,136,45,91,-46
lapse,2,1,1,0
millersylvania,1,1,0,1
pot,10,2,8,-6
specialities,1,1,0,1
emoji,14,10,4,6
uneventfully,1,0,1,-1
beautifully,2,2,0,2
weirrd,1,1,0,1
pierced,10,9,1,8
looping,1,0,1,-1
obscene,2,1,1,0
rationally,1,0,1,-1
pj,1,1,0,1
alongside,1,1,0,1
promsie,1,1,0,1
en,124,24,100,-76
waxing,4,2,2,0
awakening,4,3,1,2
poetryfoundation,1,0,1,-1
identifying,7,5,2,3
fluffy,9,1,8,-7
fraud,1,0,1,-1
hunting,9,1,8,-7
soul,10,5,5,0
budding,1,1,0,1
bfcd,1,1,0,1
jong,1,1,0,1
causing,7,1,6,-5
pettily,1,0,1,-1
searchable,1,1,0,1
investing,1,0,1,-1
bearer,1,1,0,1
insulted,1,1,0,1
unmedicated,3,1,2,-1
customers,11,2,9,-7
ccegqiabaa,1,1,0,1
nervousness,1,0,1,-1
except,134,40,94,-54
tucker,480,284,196,88
experimentally,1,0,1,-1
massive,41,13,28,-15
extrapolate,1,1,0,1
afraid,21,10,11,-1
westmarine,2,0,2,-2
hrc,1,1,0,1
bfeb,2,0,2,-2
keeping,36,19,17,2
fencing,1,0,1,-1
gorlp,1,1,0,1
magdalena,9,6,3,3
gymtok,1,0,1,-1
sterilized,1,1,0,1
routesetting,24,7,17,-10
jeffreys,1,0,1,-1
barbaric,1,1,0,1
fwb,1,1,0,1
wasting,9,1,8,-7
willed,1,1,0,1
resort,1,0,1,-1
planks,1,0,1,-1
birch,2,1,1,0
clique,1,0,1,-1
looooove,1,1,0,1
invitation,8,3,5,-2
combine,8,2,6,-4
dysfunctional,1,1,0,1
janis,2,0,2,-2
breakout,1,0,1,-1
ly,1,1,0,1
doomer,1,1,0,1
beeps,1,0,1,-1
landings,1,0,1,-1
perusing,1,0,1,-1
subjected,1,1,0,1
pappa,2,2,0,2
painstakingly,1,1,0,1
canceled,12,5,7,-2
birding,3,1,2,-1
laxative,1,0,1,-1
womanly,4,4,0,4
crossover,5,0,5,-5
li,2,2,0,2
trevor,10,0,10,-10
unfamiliar,4,2,2,0
listens,13,7,6,1
onx,1,1,0,1
commuting,1,1,0,1
maximillian,1,1,0,1
lucidity,2,2,0,2
brown,44,18,26,-8
mailbox,2,1,1,0
technology,6,2,4,-2
punched,1,0,1,-1
differed,2,2,0,2
uncomfy,8,2,6,-4
donut,4,1,3,-2
subcontractor,2,2,0,2
disagreeing,1,0,1,-1
allusions,1,1,0,1
helping,51,30,21,9
tera,1,0,1,-1
leaked,6,4,2,2
froget,1,1,0,1
solution,79,56,23,33
funions,1,1,0,1
verbal,4,3,1,2
nottt,1,1,0,1
hump,1,0,1,-1
howat,23,14,9,5
funded,2,1,1,0
recommended,32,14,18,-4
checks,28,11,17,-6
randomly,44,11,33,-22
concern,13,7,6,1
wording,5,5,0,5
dots,11,4,7,-3
estaban,1,1,0,1
poser,1,0,1,-1
scoffed,3,0,3,-3
react,19,8,11,-3
generate,1,0,1,-1
processes,1,1,0,1
ramen,7,5,2,3
alpicool,2,0,2,-2
balakrishnan,1,0,1,-1
dec,3,2,1,1
grandiose,1,1,0,1
effective,17,0,17,-17
socialite,1,1,0,1
wit,1,1,0,1
mainstage,2,0,2,-2
dadsoftiktok,1,0,1,-1
coherent,5,3,2,1
af,8,5,3,2
sails,1,0,1,-1
punch,29,12,17,-5
insults,1,1,0,1
oh,2836,1499,1337,162
squeezes,2,0,2,-2
adbb,2,1,1,0
location,61,29,32,-3
represent,1,1,0,1
logical,12,8,4,4
straights,2,1,1,0
adrienne,4,0,4,-4
premium,6,3,3,0
mistakes,7,1,6,-5
biker,1,0,1,-1
cropped,27,10,17,-7
zarathustra,1,1,0,1
sandal,2,2,0,2
founded,1,0,1,-1
simply,84,2,82,-80
disappoints,1,1,0,1
shoulda,2,2,0,2
kneepad,5,1,4,-3
cute,991,743,248,495
association,5,5,0,5
dissolving,4,2,2,0
barefoot,2,1,1,0
purposely,4,4,0,4
cyclist,2,0,2,-2
drug,26,19,7,12
feel,1433,880,553,327
tidy,1,1,0,1
trump,4,1,3,-2
roundabout,1,0,1,-1
dropping,20,9,11,-2
monogamous,9,8,1,7
dope,24,22,2,20
snake,3,3,0,3
haul,3,1,2,-1
dafoes,1,1,0,1
cabinets,16,6,10,-4
dubbed,3,1,2,-1
busbar,5,1,4,-3
acrylic,2,2,0,2
elbowed,1,0,1,-1
outdo,1,1,0,1
abdul,1,0,1,-1
floppy,6,3,3,0
starbucks,14,1,13,-12
communicated,1,1,0,1
skills,20,11,9,2
cassiopeia,1,0,1,-1
cace,1,1,0,1
mcclane,9,5,4,1
overdose,2,2,0,2
magnetic,2,1,1,0
capability,4,0,4,-4
afflicted,2,2,0,2
pillowcase,7,5,2,3
racistly,1,1,0,1
teenager,10,4,6,-2
deprived,2,2,0,2
remaining,9,6,3,3
ep,5,3,2,1
kisser,1,1,0,1
babylon,2,2,0,2
grandmother,8,2,6,-4
constructiony,3,0,3,-3
distribution,11,10,1,9
cuffs,2,2,0,2
impress,9,8,1,7
challenge,16,4,12,-8
correction,3,3,0,3
gratitude,2,0,2,-2
constraint,4,2,2,0
divisionals,4,2,2,0
freshly,8,2,6,-4
estelle,1,1,0,1
down,512,203,309,-106
persuaded,1,0,1,-1
fridays,6,2,4,-2
hugeee,3,3,0,3
colonist,1,0,1,-1
rotates,3,1,2,-1
confession,4,3,1,2
becuase,144,142,2,140
risk,42,13,29,-16
ceilings,3,1,2,-1
yup,6,6,0,6
sauces,3,0,3,-3
guarantees,3,2,1,1
dreading,5,2,3,-1
hvqmt,1,0,1,-1
jeans,46,14,32,-18
transplants,3,2,1,1
insure,1,1,0,1
gojfn,1,1,0,1
bath,26,18,8,10
shatter,1,1,0,1
multiplies,1,0,1,-1
footwell,6,0,6,-6
seating,4,4,0,4
celebs,1,0,1,-1
feathers,3,0,3,-3
instances,5,5,0,5
decades,6,6,0,6
beginning,33,3,30,-27
tablecloth,1,0,1,-1
compares,1,0,1,-1
imaginary,1,0,1,-1
clearer,1,1,0,1
pals,3,0,3,-3
alison,1,0,1,-1
aeec,1,0,1,-1
add,171,68,103,-35
reenergized,1,1,0,1
heteroromantic,2,1,1,0
wider,9,2,7,-5
foolishly,2,1,1,0
traumatic,3,2,1,1
crimes,1,1,0,1
doable,10,9,1,8
neat,20,8,12,-4
goth,6,5,1,4
hahahahahha,1,1,0,1
squeak,1,0,1,-1
incoming,3,0,3,-3
widnxow,1,1,0,1
noh,1,1,0,1
lifeless,1,1,0,1
donating,3,1,2,-1
collaborations,1,0,1,-1
watches,14,6,8,-2
wurster,5,3,2,1
applying,32,21,11,10
snatching,1,1,0,1
sont,1,1,0,1
peak,14,8,6,2
punk,8,8,0,8
kinda,328,236,92,144
moloveonearth,8,1,7,-6
calmed,3,3,0,3
devious,2,2,0,2
tonde,5,2,3,-1
expands,1,1,0,1
sendclimbing,3,2,1,1
clearly,109,46,63,-17
wikipedia,8,1,7,-6
reporting,2,2,0,2
bdsm,2,2,0,2
boxy,6,1,5,-4
mutated,1,1,0,1
more,2939,1248,1691,-443
anybody,15,0,15,-15
newborn,3,0,3,-3
wahl,1,1,0,1
brink,1,0,1,-1
oggles,1,0,1,-1
actress,1,1,0,1
tumnus,2,0,2,-2
homecoming,2,2,0,2
chulich,6,3,3,0
again,591,217,374,-157
ovulating,1,0,1,-1
restarted,1,0,1,-1
hard,862,350,512,-162
graduating,5,1,4,-3
potter,8,3,5,-2
wicking,4,0,4,-4
tirade,2,1,1,0
squeaks,1,0,1,-1
hahahaha,22,19,3,16
braids,7,5,2,3
fbff,1,0,1,-1
comma,1,0,1,-1
earn,16,10,6,4
pillowcases,1,1,0,1
discontinuing,1,0,1,-1
sephira,2,2,0,2
cards,40,18,22,-4
cuts,15,12,3,9
apt,3,3,0,3
monitoring,1,0,1,-1
assed,2,0,2,-2
recording,8,3,5,-2
challengers,11,3,8,-5
would,3807,1788,2019,-231
chihuahuas,4,0,4,-4
achieved,2,0,2,-2
musicians,5,4,1,3
calves,2,2,0,2
collection,16,12,4,8
piratey,1,0,1,-1
dictate,2,0,2,-2
zoo,16,4,12,-8
deserves,26,13,13,0
spitting,1,1,0,1
strut,5,3,2,1
bcdc,2,2,0,2
qwiki,2,2,0,2
asexually,1,1,0,1
approving,3,1,2,-1
speaker,4,0,4,-4
lyrics,19,11,8,3
exclusively,40,14,26,-12
chimes,1,0,1,-1
womenrockclimbing,1,0,1,-1
trueee,1,1,0,1
stayed,39,17,22,-5
replication,1,1,0,1
sickest,1,1,0,1
walker,12,8,4,4
flounce,1,0,1,-1
deserve,48,23,25,-2
shortage,5,1,4,-3
gallery,1,1,0,1
bvgbo,1,0,1,-1
pooh,3,0,3,-3
glassesless,1,1,0,1
bridalguide,1,0,1,-1
combed,1,1,0,1
pallet,3,0,3,-3
growls,5,1,4,-3
sultenfusses,1,0,1,-1
dumps,2,0,2,-2
density,13,1,12,-11
characters,40,18,22,-4
nyad,1,1,0,1
mayday,1,1,0,1
erging,3,1,2,-1
fbfa,1,0,1,-1
contagious,2,2,0,2
appear,11,3,8,-5
role,17,9,8,1
closeup,1,0,1,-1
ng,1,1,0,1
settling,4,1,3,-2
poet,4,3,1,2
greensboro,1,0,1,-1
abrut,1,1,0,1
counter,37,10,27,-17
fabricating,1,1,0,1
afdf,2,0,2,-2
loopy,2,1,1,0
noo,5,5,0,5
driveway,17,4,13,-9
casino,2,2,0,2
stresses,2,0,2,-2
ocular,2,2,0,2
handy,6,3,3,0
texting,96,51,45,6
dosage,11,10,1,9
panics,2,0,2,-2
parowan,2,1,1,0
calf,1,0,1,-1
palestine,3,1,2,-1
discovery,2,2,0,2
quiz,9,4,5,-1
sunglass,1,0,1,-1
undefined,1,0,1,-1
mccoll,1,0,1,-1
margo,9,7,2,5
amber,87,73,14,59
ponyo,1,1,0,1
moldy,8,1,7,-6
pausing,1,0,1,-1
crusade,2,1,1,0
sexy,45,39,6,33
bastos,1,0,1,-1
penises,2,2,0,2
peach,8,1,7,-6
impede,1,1,0,1
beca,1,1,0,1
clear,112,46,66,-20
rash,3,1,2,-1
playlist,43,23,20,3
multicolored,1,0,1,-1
victoria,219,64,155,-91
stp,1,1,0,1
seattle,378,157,221,-64
extent,8,7,1,6
kiwis,3,0,3,-3
clout,1,1,0,1
linear,2,1,1,0
elitist,5,2,3,-1
vlog,1,1,0,1
hated,58,26,32,-6
unprecedented,6,3,3,0
solitaire,2,1,1,0
dry,38,14,24,-10
defending,2,2,0,2
gendering,6,4,2,2
nonissue,2,0,2,-2
ghoulish,1,1,0,1
hospitality,1,1,0,1
sleeveless,4,1,3,-2
vaccinated,1,0,1,-1
faroutride,5,1,4,-3
creatine,4,2,2,0
appalled,2,2,0,2
dreaded,3,3,0,3
benji,5,0,5,-5
trustworthy,2,2,0,2
woodworkers,1,1,0,1
commercials,1,1,0,1
prostitution,1,1,0,1
mailman,2,0,2,-2
relinquishing,1,1,0,1
mrs,3,3,0,3
mistreated,1,0,1,-1
pintuck,3,3,0,3
malpractice,2,0,2,-2
here,1091,494,597,-103
hairy,5,4,1,3
soda,6,3,3,0
situation,236,117,119,-2
skaterboarder,1,1,0,1
adulthood,1,1,0,1
performers,2,1,1,0
august,25,8,17,-9
mother,17,7,10,-3
scruffy,1,0,1,-1
organ,3,2,1,1
laid,20,5,15,-10
electra,3,3,0,3
brows,1,0,1,-1
affiliation,0,0,0,0
socialize,4,1,3,-2
kerf,1,1,0,1
ipod,1,0,1,-1
dissapointments,1,1,0,1
texter,1,0,1,-1
commodity,1,1,0,1
silently,13,5,8,-3
middling,3,3,0,3
glue,18,14,4,10
arguably,3,0,3,-3
punished,5,3,2,1
reach,30,6,24,-18
jorts,2,1,1,0
usual,67,31,36,-5
tragic,16,11,5,6
reacts,5,2,3,-1
stabbing,3,0,3,-3
distressed,9,2,7,-5
brunch,6,3,3,0
compressed,1,0,1,-1
arguments,9,5,4,1
shoutout,3,3,0,3
tofu,21,9,12,-3
dramatic,62,24,38,-14
roofs,3,0,3,-3
confessions,1,1,0,1
answered,15,5,10,-5
flawed,4,3,1,2
pointless,2,0,2,-2
translated,6,4,2,2
fiending,1,1,0,1
tlooo,1,1,0,1
reseal,3,1,2,-1
inn,1,0,1,-1
wayward,3,1,2,-1
insulated,5,2,3,-1
coachella,1,1,0,1
thrash,3,0,3,-3
thanks,317,137,180,-43
topshop,4,4,0,4
forwarding,1,0,1,-1
puppygirl,1,1,0,1
keath,34,3,31,-28
financing,4,1,3,-2
reduced,2,0,2,-2
waved,1,1,0,1
jaws,3,2,1,1
lynx,10,2,8,-6
wrenching,1,0,1,-1
jolee,1,0,1,-1
pronunciation,4,0,4,-4
estrogen,110,57,53,4
headband,2,0,2,-2
pairing,1,0,1,-1
yesm,1,1,0,1
read,327,164,163,1
hear,438,245,193,52
migraines,2,0,2,-2
att,2,1,1,0
conference,2,0,2,-2
io,1,1,0,1
selection,11,8,3,5
hunks,1,0,1,-1
symbols,2,0,2,-2
surround,5,3,2,1
sprained,2,2,0,2
certifiable,2,2,0,2
shrink,4,3,1,2
months,328,144,184,-40
indiana,3,2,1,1
participating,11,3,8,-5
credit,78,39,39,0
henley,2,0,2,-2
developing,12,8,4,4
sign,104,49,55,-6
zoe,1,0,1,-1
characterization,2,2,0,2
aloud,4,1,3,-2
hissed,3,1,2,-1
kanji,1,0,1,-1
oooooooooo,1,1,0,1
rouge,1,1,0,1
nora,1,0,1,-1
imposition,2,0,2,-2
limited,13,6,7,-1
australian,18,5,13,-8
caper,1,1,0,1
rotations,1,1,0,1
duplass,1,1,0,1
reviewers,1,1,0,1
nightstand,7,2,5,-3
template,5,1,4,-3
seek,4,2,2,0
suffered,2,1,1,0
awhile,144,0,144,-144
functionality,1,0,1,-1
curse,8,5,3,2
spectacles,1,1,0,1
offerman,2,0,2,-2
affiliations,1,0,1,-1
pinto,1,0,1,-1
devon,4,0,4,-4
fundamnetally,1,1,0,1
onto,66,34,32,2
franklin,5,4,1,3
finances,1,1,0,1
treadmill,4,1,3,-2
itself,44,13,31,-18
pennzoil,3,0,3,-3
homeowners,1,1,0,1
deodorants,5,1,4,-3
whip,4,3,1,2
toquerville,1,1,0,1
wall,172,60,112,-52
avatar,16,10,6,4
walt,2,0,2,-2
starving,1,0,1,-1
own,573,206,367,-161
believer,6,5,1,4
socially,5,5,0,5
pretentious,11,5,6,-1
varrock,1,1,0,1
warrant,2,0,2,-2
orthodontists,4,1,3,-2
significantly,10,8,2,6
children,52,12,40,-28
mould,1,0,1,-1
jogged,1,0,1,-1
frogs,4,1,3,-2
queen,36,22,14,8
purses,7,3,4,-1
alien,27,8,19,-11
flames,5,4,1,3
bird,45,21,24,-3
pedophilia,1,0,1,-1
scamming,8,3,5,-2
captures,1,0,1,-1
potty,7,1,6,-5
everydayyoga,3,0,3,-3
wolverine,1,0,1,-1
whole,666,167,499,-332
imperfect,2,0,2,-2
pester,2,0,2,-2
warming,3,3,0,3
silva,1,0,1,-1
algebraic,1,0,1,-1
scrub,4,0,4,-4
are,4322,2172,2150,22
entitled,2,1,1,0
messages,64,46,18,28
entires,1,1,0,1
duets,2,0,2,-2
server,13,7,6,1
kwd,2,0,2,-2
solved,27,13,14,-1
intellectual,5,4,1,3
vaccines,1,0,1,-1
trafficmaster,3,0,3,-3
krav,1,1,0,1
resources,11,8,3,5
aliana,2,0,2,-2
panek,1,0,1,-1
tiptoeing,1,1,0,1
encore,3,2,1,1
geeky,1,1,0,1
educated,8,2,6,-4
nudity,6,2,4,-2
dead,55,19,36,-17
scarlot,1,0,1,-1
convince,66,16,50,-34
slack,3,2,1,1
mustard,1,1,0,1
scope,4,3,1,2
attracted,25,14,11,3
unforseen,1,1,0,1
photoseries,1,1,0,1
adjustable,10,0,10,-10
ulbricht,2,2,0,2
possessed,1,1,0,1
ideal,41,21,20,1
tumble,3,0,3,-3
distraught,1,0,1,-1
sometimes,616,239,377,-138
tolerant,5,5,0,5
youtubers,1,0,1,-1
bladder,7,0,7,-7
save,49,15,34,-19
especially,185,96,89,7
chickpeas,1,0,1,-1
fddb,1,0,1,-1
drinking,39,27,12,15
needy,6,3,3,0
vacuums,3,1,2,-1
viewable,1,1,0,1
carolina,3,0,3,-3
ccbb,1,1,0,1
txtshare,2,2,0,2
cheatint,1,1,0,1
reservations,2,1,1,0
rotated,4,4,0,4
grand,11,5,6,-1
hanas,1,1,0,1
farewell,2,2,0,2
once,477,138,339,-201
champ,3,2,1,1
illegally,1,1,0,1
heated,8,2,6,-4
affd,1,1,0,1
bare,7,1,6,-5
leak,52,14,38,-24
worst,271,128,143,-15
respectively,1,1,0,1
ghosts,4,2,2,0
miranda,4,1,3,-2
sg,6,1,5,-4
lockedout,1,1,0,1
stillness,1,1,0,1
matter,183,67,116,-49
spread,16,4,12,-8
hank,22,7,15,-8
meantime,5,0,5,-5
smoky,4,0,4,-4
groups,19,6,13,-7
characteristic,2,0,2,-2
abolitionist,2,1,1,0
toooo,1,1,0,1
humiliate,2,2,0,2
ne,10,2,8,-6
solo,15,11,4,7
waterproof,10,7,3,4
relative,18,14,4,10
koh,1,1,0,1
sneezed,1,1,0,1
dominick,1,0,1,-1
soph,1,1,0,1
adapt,9,2,7,-5
athletes,10,3,7,-4
orr,1,1,0,1
subfloor,2,2,0,2
devil,14,11,3,8
bigots,1,0,1,-1
stamp,2,1,1,0
filed,2,1,1,0
abigailfreligh,1,0,1,-1
blew,8,2,6,-4
blues,1,1,0,1
october,27,8,19,-11
anne,3,0,3,-3
worm,1,1,0,1
knockoff,1,0,1,-1
ginger,10,5,5,0
spiders,6,1,5,-4
lynch,1,1,0,1
several,207,124,83,41
choir,4,4,0,4
tee,9,2,7,-5
tease,5,1,4,-3
precedence,1,0,1,-1
modeling,1,1,0,1
realizing,52,6,46,-40
unimaginable,5,3,2,1
extenuating,1,0,1,-1
angrily,3,2,1,1
jerky,1,0,1,-1
timings,1,1,0,1
jos,1,0,1,-1
won,467,170,297,-127
stretch,41,12,29,-17
demand,12,8,4,4
awa,1,0,1,-1
then,3339,1022,2317,-1295
chili,12,7,5,2
messaging,11,3,8,-5
vehicledetail,4,0,4,-4
popculture,1,0,1,-1
answers,41,16,25,-9
bibs,3,0,3,-3
scariness,2,1,1,0
queuing,1,1,0,1
grammar,2,0,2,-2
noico,2,2,0,2
bulk,6,4,2,2
cali,1,1,0,1
wildlife,2,0,2,-2
complaint,64,22,42,-20
relaxes,1,0,1,-1
fdcd,1,0,1,-1
alives,1,0,1,-1
originally,28,7,21,-14
internet,55,36,19,17
studio,23,12,11,1
limbs,2,1,1,0
orangey,2,1,1,0
two,1089,398,691,-293
ella,10,8,2,6
dgljpdotcahmia,1,0,1,-1
shooters,1,1,0,1
closer,70,30,40,-10
priorities,5,0,5,-5
farthest,4,1,3,-2
stipulation,1,0,1,-1
religious,22,7,15,-8
hare,1,0,1,-1
brando,1,1,0,1
cervix,2,0,2,-2
prawns,3,1,2,-1
whether,181,7,174,-167
shimmer,1,1,0,1
terfy,4,2,2,0
phallic,3,1,2,-1
cremated,1,1,0,1
even,1463,654,809,-155
wel,1,1,0,1
heartbreaker,1,1,0,1
jovial,2,2,0,2
psychotic,8,7,1,6
tinydynos,2,0,2,-2
jolie,4,1,3,-2
picogram,2,1,1,0
keywords,3,0,3,-3
cooks,1,0,1,-1
accosted,6,3,3,0
shaved,4,3,1,2
slit,2,2,0,2
tactical,9,3,6,-3
cavort,1,1,0,1
fairy,10,4,6,-2
appointment,111,65,46,19
mounted,10,7,3,4
gloves,9,6,3,3
statistic,2,2,0,2
womens,40,12,28,-16
liked,226,80,146,-66
sculpting,4,2,2,0
smug,2,2,0,2
claw,3,2,1,1
cause,43,30,13,17
boats,7,0,7,-7
backing,4,3,1,2
sendy,2,0,2,-2
named,184,72,112,-40
loveable,9,7,2,5
sabisch,3,2,1,1
unzipped,1,0,1,-1
shuffled,1,1,0,1
tan,9,6,3,3
wreck,2,2,0,2
beauty,17,12,5,7
zipper,10,1,9,-8
closely,10,7,3,4
gyno,1,1,0,1
adea,2,1,1,0
notorious,2,2,0,2
largely,9,9,0,9
hangboard,5,0,5,-5
pinkwashing,1,1,0,1
documentation,4,4,0,4
dividing,2,1,1,0
knit,13,4,9,-5
garbage,38,13,25,-12
butt,46,11,35,-24
hv,9,2,7,-5
tropi,3,3,0,3
himbo,1,1,0,1
staffed,2,0,2,-2
beam,7,0,7,-7
z,7,3,4,-1
nuanced,8,5,3,2
with,5918,2690,3228,-538
hopeful,1,1,0,1
twenties,4,4,0,4
carlo,1,0,1,-1
alps,4,4,0,4
escapism,1,1,0,1
chandler,12,8,4,4
unproductive,3,2,1,1
procrastination,1,1,0,1
somehow,76,15,61,-46
tenaya,4,3,1,2
strangest,1,0,1,-1
leathercraft,6,2,4,-2
overly,13,8,5,3
darling,4,4,0,4
dragrace,1,1,0,1
ndra,1,0,1,-1
swallows,2,1,1,0
mon,1,1,0,1
english,59,25,34,-9
redpoint,1,0,1,-1
transphobes,3,2,1,1
limo,1,1,0,1
outed,1,0,1,-1
boston,16,8,8,0
kindest,1,0,1,-1
technicalities,5,3,2,1
occupational,1,1,0,1
oopsy,2,0,2,-2
concerns,4,0,4,-4
riverbank,2,0,2,-2
recoup,2,0,2,-2
bathe,1,0,1,-1
percent,9,4,5,-1
til,24,2,22,-20
puked,5,5,0,5
instructor,3,0,3,-3
remembered,54,23,31,-8
hosts,1,1,0,1
charted,1,1,0,1
nonexistent,1,0,1,-1
amending,3,0,3,-3
barbie,54,18,36,-18
obv,8,8,0,8
edibles,2,2,0,2
pinchot,2,2,0,2
pathologize,1,1,0,1
moths,1,0,1,-1
minneapolis,9,6,3,3
shirts,67,25,42,-17
trillions,1,0,1,-1
dammit,1,1,0,1
citations,5,3,2,1
escaping,2,0,2,-2
oasis,1,1,0,1
debrief,8,0,8,-8
conoco,1,0,1,-1
last,793,363,430,-67
sleepy,47,27,20,7
rons,1,0,1,-1
feeding,13,6,7,-1
microwave,6,3,3,0
maamed,1,1,0,1
adding,40,17,23,-6
betore,1,0,1,-1
ridgevans,1,0,1,-1
mv,3,2,1,1
writer,7,4,3,1
lnms,1,1,0,1
breathability,2,0,2,-2
deserved,8,3,5,-2
sport,61,30,31,-1
narrators,1,1,0,1
adapted,2,1,1,0
apprentiship,1,1,0,1
page,65,32,33,-1
chambered,1,1,0,1
org,51,9,42,-33
regret,15,9,6,3
owen,8,3,5,-2
light,122,47,75,-28
natively,2,2,0,2
advise,4,3,1,2
cane,1,1,0,1
barge,1,0,1,-1
torn,22,7,15,-8
correcting,5,3,2,1
siri,2,1,1,0
beverly,1,1,0,1
ts,18,13,5,8
gbraid,2,0,2,-2
chilly,3,2,1,1
sentimentalism,1,1,0,1
marrying,2,0,2,-2
scar,3,1,2,-1
pastime,2,1,1,0
hoe,1,1,0,1
atheist,2,2,0,2
expires,2,1,1,0
extensions,1,1,0,1
vwell,1,1,0,1
scrunchies,3,3,0,3
luke,1,0,1,-1
pasta,6,3,3,0
mick,12,3,9,-6
hoenstlty,1,1,0,1
springfield,1,0,1,-1
ffa,8,3,5,-2
sierras,1,0,1,-1
ak,2,0,2,-2
building,86,25,61,-36
activated,1,1,0,1
organic,5,5,0,5
wonders,5,4,1,3
carhauler,1,1,0,1
moneys,1,1,0,1
sxsrf,1,1,0,1
violent,5,3,2,1
shoved,4,0,4,-4
aid,16,9,7,2
kuch,2,0,2,-2
topaz,1,0,1,-1
constructed,7,5,2,3
votes,5,2,3,-1
hesheyhey,1,1,0,1
lego,4,1,3,-2
protector,1,1,0,1
kruk,2,0,2,-2
jacks,4,4,0,4
blends,4,2,2,0
furcula,1,0,1,-1
tais,1,0,1,-1
snuggly,3,2,1,1
dynamite,2,1,1,0
rib,28,8,20,-12
berry,3,2,1,1
theyre,6,6,0,6
visit,61,26,35,-9
affixed,1,1,0,1
rendered,1,1,0,1
homophobia,3,3,0,3
strangely,1,1,0,1
enables,2,2,0,2
johnny,11,9,2,7
unconscious,1,1,0,1
unloveable,1,1,0,1
sonogram,1,0,1,-1
eager,8,3,5,-2
rotation,5,1,4,-3
drive,244,83,161,-78
motors,4,0,4,-4
marcot,1,1,0,1
foreran,5,0,5,-5
skinny,15,7,8,-1
bob,4,1,3,-2
damaging,1,0,1,-1
wold,1,0,1,-1
biopsy,1,1,0,1
storing,4,0,4,-4
worry,115,41,74,-33
misremembering,5,4,1,3
matinee,1,0,1,-1
learns,3,2,1,1
planet,12,8,4,4
avenue,4,3,1,2
instinctively,2,0,2,-2
yogaoutlet,1,0,1,-1
inefficient,3,1,2,-1
scooby,2,1,1,0
blade,13,10,3,7
illness,6,4,2,2
timed,3,1,2,-1
soloed,1,1,0,1
shitty,48,22,26,-4
requires,19,5,14,-9
strategy,21,5,16,-11
undereducated,1,1,0,1
thoguh,1,1,0,1
awkwardly,12,1,11,-10
forcefem,1,1,0,1
orders,19,10,9,1
hip,13,7,6,1
mouse,11,1,10,-9
grasp,6,3,3,0
impressively,1,1,0,1
inspires,2,0,2,-2
wealthiest,1,1,0,1
missouri,3,2,1,1
squared,3,1,2,-1
evolution,6,4,2,2
oe,4,3,1,2
beefs,1,0,1,-1
crashes,1,1,0,1
speculating,2,0,2,-2
hangboards,1,1,0,1
butora,4,3,1,2
intuition,2,2,0,2
showed,105,33,72,-39
difference,128,46,82,-36
burnnnnn,1,1,0,1
pg,3,1,2,-1
has,2100,806,1294,-488
line,140,73,67,6
opted,4,2,2,0
discourse,1,1,0,1
aesop,12,9,3,6
paired,5,1,4,-3
companion,1,0,1,-1
excelling,1,1,0,1
backstabbing,1,1,0,1
yass,1,1,0,1
unlicensed,5,3,2,1
kahan,8,3,5,-2
woodinville,8,0,8,-8
cpid,1,0,1,-1
watercoloring,1,1,0,1
hvlocphy,1,0,1,-1
queenswholiketowatch,1,1,0,1
gaydar,2,2,0,2
permits,2,2,0,2
retain,3,1,2,-1
jasmine,3,0,3,-3
promotes,1,1,0,1
teasing,1,0,1,-1
dfbe,1,1,0,1
navigating,2,2,0,2
palettes,1,1,0,1
drove,54,10,44,-34
quirky,11,10,1,9
insufferably,1,1,0,1
admitting,7,0,7,-7
femininity,7,6,1,5
mmol,1,1,0,1
proclaimed,2,2,0,2
elegant,4,4,0,4
context,115,45,70,-25
equinox,1,0,1,-1
york,23,5,18,-13
harry,11,4,7,-3
campus,11,2,9,-7
unskilled,1,0,1,-1
rascal,3,2,1,1
indianapolis,4,1,3,-2
beloved,9,6,3,3
lvoeee,1,1,0,1
merged,1,1,0,1
hobby,11,4,7,-3
racer,3,3,0,3
garners,1,1,0,1
spence,3,3,0,3
rack,5,2,3,-1
insecurities,4,2,2,0
disciplinary,1,1,0,1
download,12,9,3,6
mot,1,0,1,-1
reparentyourself,1,0,1,-1
extensive,2,2,0,2
slimming,1,1,0,1
burns,5,5,0,5
biblical,1,1,0,1
merch,37,20,17,3
interact,21,9,12,-3
myspace,8,2,6,-4
heyfreesamples,1,0,1,-1
sprung,1,1,0,1
regionals,3,0,3,-3
adjustment,6,3,3,0
linkup,1,0,1,-1
chossy,3,0,3,-3
quieter,9,1,8,-7
dosages,4,4,0,4
cds,2,0,2,-2
frustrating,55,34,21,13
specifically,276,89,187,-98
qty,1,1,0,1
bengal,6,0,6,-6
finest,1,0,1,-1
kibble,12,3,9,-6
cherishes,1,1,0,1
delivery,25,11,14,-3
suggest,20,1,19,-18
enthralled,1,1,0,1
often,239,73,166,-93
deuplift,2,2,0,2
monte,1,1,0,1
replicate,1,1,0,1
redirect,1,0,1,-1
ther,1,1,0,1
sake,15,11,4,7
cedars,1,1,0,1
smash,5,2,3,-1
sponsors,3,0,3,-3
mobile,9,6,3,3
loft,8,4,4,0
convo,5,5,0,5
froze,1,0,1,-1
vividly,6,4,2,2
chasing,8,1,7,-6
coordinating,1,0,1,-1
crabtree,1,0,1,-1
gyllenhaal,4,2,2,0
sticker,46,26,20,6
calmly,2,2,0,2
flower,13,5,8,-3
centralia,2,0,2,-2
consumers,1,1,0,1
retroactive,2,0,2,-2
techno,2,1,1,0
electrons,2,0,2,-2
denying,3,2,1,1
coexist,2,1,1,0
warned,8,6,2,4
quark,2,2,0,2
clinics,5,1,4,-3
purr,1,0,1,-1
reconvene,1,0,1,-1
participator,2,1,1,0
japans,1,1,0,1
hail,13,12,1,11
trace,2,1,1,0
cab,4,1,3,-2
wiki,6,5,1,4
mastectomy,1,1,0,1
ii,3,3,0,3
lysol,1,0,1,-1
attendance,2,0,2,-2
denny,1,1,0,1
rum,1,0,1,-1
fathers,4,3,1,2
exponent,1,0,1,-1
spoiling,2,1,1,0
gov,1,1,0,1
rerecorded,1,0,1,-1
bieber,1,0,1,-1
misrepresenting,1,1,0,1
setter,97,25,72,-47
questionable,19,18,1,17
effects,57,35,22,13
high,383,171,212,-41
refine,1,1,0,1
woods,10,1,9,-8
grinders,1,1,0,1
betting,2,2,0,2
needlessly,3,0,3,-3
snipped,1,0,1,-1
felt,238,120,118,2
acros,1,0,1,-1
witnesses,3,2,1,1
brittney,4,3,1,2
haynes,6,0,6,-6
raid,1,1,0,1
importance,2,2,0,2
ethics,8,5,3,2
contribute,11,5,6,-1
organizing,4,2,2,0
authority,6,3,3,0
bedf,1,0,1,-1
longingly,1,1,0,1
tackle,2,0,2,-2
clitoris,1,1,0,1
worth,174,62,112,-50
wishy,1,1,0,1
tesla,1,0,1,-1
feeds,6,4,2,2
lived,93,39,54,-15
borrowing,6,1,5,-4
eye,80,39,41,-2
swamp,3,0,3,-3
rhetorical,2,0,2,-2
jovi,4,3,1,2
youtubes,1,0,1,-1
venue,9,4,5,-1
leverage,5,1,4,-3
spotty,1,0,1,-1
classified,6,0,6,-6
cruise,5,1,4,-3
pointers,1,1,0,1
emitted,1,1,0,1
bolts,9,2,7,-5
stinkiest,1,0,1,-1
dissect,3,0,3,-3
corporate,17,9,8,1
visor,2,0,2,-2
around,525,257,268,-11
still,1379,520,859,-339
polarity,1,0,1,-1
israel,2,2,0,2
atmosphere,7,4,3,1
religiously,2,2,0,2
ohmy,1,1,0,1
acknowledged,4,4,0,4
ellipses,1,0,1,-1
rei,17,3,14,-11
ooops,1,1,0,1
hosting,10,4,6,-2
thickness,10,3,7,-4
upset,99,83,16,67
noooooooooo,2,2,0,2
kacie,7,0,7,-7
kissing,20,10,10,0
year,533,217,316,-99
fakes,2,0,2,-2
sweaty,16,5,11,-6
eliana,2,0,2,-2
hiking,21,4,17,-13
climblikeagirl,1,0,1,-1
reversible,8,1,7,-6
separated,5,3,2,1
kitten,30,2,28,-26
uses,57,30,27,3
crossroads,2,1,1,0
outs,4,3,1,2
joaquin,1,1,0,1
collect,6,3,3,0
fdcb,1,0,1,-1
families,6,3,3,0
walter,17,6,11,-5
lense,2,2,0,2
ohhhhhhh,2,1,1,0
doubling,2,1,1,0
lowe,6,3,3,0
newest,12,6,6,0
fiction,21,11,10,1
backs,6,3,3,0
lay,40,11,29,-18
thigh,10,2,8,-6
liter,4,0,4,-4
fem,5,4,1,3
heaters,1,1,0,1
corrupted,1,1,0,1
judy,1,1,0,1
staunchly,1,0,1,-1
hateful,3,3,0,3
repairs,5,2,3,-1
wildfang,3,0,3,-3
peacefully,1,0,1,-1
nub,1,0,1,-1
tot,1,0,1,-1
burying,1,0,1,-1
justified,5,4,1,3
recognized,12,8,4,4
bebf,1,0,1,-1
rq,1,1,0,1
tanner,4,1,3,-2
uniquely,7,6,1,5
indecently,1,1,0,1
stimulant,3,2,1,1
earthy,2,0,2,-2
poly,26,9,17,-8
dishonest,6,3,3,0
plain,26,5,21,-16
ruth,1,0,1,-1
preemptively,9,2,7,-5
paylessautosalesusa,1,0,1,-1
transphobic,46,24,22,2
teneriffe,2,0,2,-2
vaping,2,0,2,-2
mittens,4,1,3,-2
slidy,1,0,1,-1
beach,37,19,18,1
ovaries,5,0,5,-5
scrunchie,4,2,2,0
blocker,2,2,0,2
puppiesoftiktok,1,0,1,-1
grandkids,1,1,0,1
ebefore,1,1,0,1
avoidable,1,0,1,-1
letterbox,2,2,0,2
transposed,1,0,1,-1
subtitled,1,1,0,1
did,2282,1097,1185,-88
ported,1,1,0,1
ignored,11,0,11,-11
dexter,12,11,1,10
curtains,3,1,2,-1
hipaa,1,0,1,-1
d,1948,486,1462,-976
state,46,25,21,4
remind,51,17,34,-17
addictive,3,3,0,3
sim,2,0,2,-2
rollerblades,2,0,2,-2
proper,13,9,4,5
spontaneous,1,0,1,-1
portal,1,0,1,-1
stride,1,0,1,-1
rigid,4,2,2,0
calculations,1,1,0,1
excel,1,1,0,1
bush,6,0,6,-6
solder,2,1,1,0
maam,1,0,1,-1
slows,1,0,1,-1
isuzu,1,0,1,-1
attack,20,8,12,-4
grrrrrr,1,1,0,1
frances,13,2,11,-9
noticeable,8,1,7,-6
sensical,1,0,1,-1
intertwine,2,0,2,-2
surfing,11,8,3,5
speaking,51,19,32,-13
precedent,1,0,1,-1
collaborators,1,0,1,-1
grease,1,1,0,1
development,20,9,11,-2
photograph,5,3,2,1
probablys,1,1,0,1
character,104,57,47,10
vaginas,2,2,0,2
lyla,2,0,2,-2
session,25,18,7,11
bateman,1,1,0,1
brittle,1,1,0,1
basics,17,6,11,-5
africa,3,0,3,-3
junk,11,6,5,1
tarnished,1,0,1,-1
tinder,13,7,6,1
related,50,40,10,30
safety,26,11,15,-4
legitimate,10,7,3,4
superpower,1,1,0,1
scholar,4,0,4,-4
trash,15,5,10,-5
hierarchical,1,1,0,1
prerequisite,2,1,1,0
apc,1,1,0,1
violates,1,0,1,-1
j,15,8,7,1
walgreens,15,14,1,13
creeps,2,1,1,0
embryo,1,0,1,-1
treasured,1,1,0,1
steamroll,1,0,1,-1
cutbacks,1,1,0,1
dreambabynames,4,0,4,-4
repulsed,2,2,0,2
fur,4,2,2,0
blonde,15,6,9,-3
medicine,75,46,29,17
kevins,1,1,0,1
abou,1,1,0,1
tarsiers,1,1,0,1
sensorily,1,0,1,-1
collapsing,1,0,1,-1
evolutionary,1,0,1,-1
alterations,1,1,0,1
undercard,2,2,0,2
adhd,44,18,26,-8
land,19,6,13,-7
heaped,1,0,1,-1
techy,4,3,1,2
epic,3,3,0,3
monica,2,2,0,2
encouraging,1,1,0,1
pout,1,1,0,1
dorothy,7,1,6,-5
herds,1,0,1,-1
betrays,1,1,0,1
minded,5,3,2,1
uploads,2,0,2,-2
dacc,1,1,0,1
transness,12,11,1,10
theythem,12,11,1,10
planned,36,9,27,-18
consultations,3,1,2,-1
windproof,1,1,0,1
condole,1,0,1,-1
valve,9,2,7,-5
compass,2,0,2,-2
conflicting,2,1,1,0
demonstrating,2,0,2,-2
creeping,1,0,1,-1
reptile,3,0,3,-3
prescribing,2,1,1,0
pills,36,20,16,4
summer,91,35,56,-21
dozfy,3,0,3,-3
advising,1,0,1,-1
house,781,326,455,-129
nervously,1,1,0,1
grumbles,2,0,2,-2
voluptuous,1,0,1,-1
theythems,2,2,0,2
romney,1,0,1,-1
comedy,13,5,8,-3
egregious,5,3,2,1
claustrophobic,4,1,3,-2
fish,79,31,48,-17
moaned,2,1,1,0
capitalism,1,0,1,-1
choiry,1,1,0,1
sodo,1,0,1,-1
fasted,1,0,1,-1
order,167,58,109,-51
sculptor,2,1,1,0
nominal,2,2,0,2
moneyl,1,1,0,1
abcf,2,2,0,2
patriotic,2,2,0,2
pseudonym,1,1,0,1
margot,10036,878,9158,-8280
stripper,1,0,1,-1
bitch,55,40,15,25
actor,19,8,11,-3
spitball,1,0,1,-1
les,1,0,1,-1
pointed,24,4,20,-16
citrus,1,0,1,-1
hampshirite,1,0,1,-1
photographs,1,0,1,-1
ran,61,27,34,-7
tangent,8,3,5,-2
aelly,1,1,0,1
functioning,2,1,1,0
warrants,4,1,3,-2
nationally,1,1,0,1
terrified,4,1,3,-2
perf,9,9,0,9
benefited,2,1,1,0
discuss,7,2,5,-3
armisen,5,0,5,-5
familial,2,2,0,2
blankets,9,5,4,1
practices,5,4,1,3
pointy,6,2,4,-2
assume,99,25,74,-49
commented,9,2,7,-5
automex,1,0,1,-1
philadelphia,2,0,2,-2
beforehand,3,3,0,3
podcast,62,29,33,-4
rupaul,1,1,0,1
assumed,86,18,68,-50
general,97,48,49,-1
paystub,1,0,1,-1
exposes,1,1,0,1
phasing,1,0,1,-1
riddance,3,1,2,-1
motor,4,2,2,0
accessibility,2,2,0,2
dilauded,1,1,0,1
eval,1,1,0,1
infighting,1,1,0,1
constantly,63,36,27,9
sublinguals,1,1,0,1
unpresentable,1,1,0,1
outdoors,6,2,4,-2
bumped,13,2,11,-9
acupuncture,2,2,0,2
come,824,311,513,-202
pins,1,0,1,-1
violation,1,0,1,-1
pirate,3,1,2,-1
acbb,1,1,0,1
bcef,2,2,0,2
effectively,3,2,1,1
goodbye,22,11,11,0
wa,102,34,68,-34
party,106,45,61,-16
improved,5,3,2,1
gorgon,1,1,0,1
semesters,1,1,0,1
boy,323,158,165,-7
heeled,8,7,1,6
like,10245,4835,5410,-575
chomsky,1,1,0,1
toll,2,2,0,2
business,111,31,80,-49
kevin,71,18,53,-35
app,100,62,38,24
malnourish,1,0,1,-1
frog,14,8,6,2
ruins,21,5,16,-11
overalls,53,25,28,-3
grandfather,3,1,2,-1
jointly,1,1,0,1
teammates,3,2,1,1
developer,12,10,2,8
debilitating,2,2,0,2
lexpressbooks,3,0,3,-3
honda,2,0,2,-2
irresponsible,3,0,3,-3
absorption,6,2,4,-2
neither,92,21,71,-50
jerry,3,0,3,-3
parenting,1,0,1,-1
smartdoggy,1,1,0,1
longlegs,1,0,1,-1
ionizers,1,0,1,-1
zionist,2,0,2,-2
technical,6,2,4,-2
fritz,2,1,1,0
african,1,1,0,1
glued,7,5,2,3
adores,2,0,2,-2
wheel,23,11,12,-1
startled,8,0,8,-8
wink,2,1,1,0
capgras,1,1,0,1
mounting,8,3,5,-2
moccasins,2,0,2,-2
dedicate,1,0,1,-1
worked,198,57,141,-84
dipshit,1,1,0,1
occasional,15,5,10,-5
orange,61,18,43,-25
dripping,3,1,2,-1
alice,3,2,1,1
tosh,1,1,0,1
sliders,2,1,1,0
syrup,3,3,0,3
mobility,1,0,1,-1
backpack,33,5,28,-23
tile,1,1,0,1
gf,46,26,20,6
laughter,3,3,0,3
difficult,51,18,33,-15
vgradeism,2,0,2,-2
reclusiveness,1,1,0,1
sorrry,1,1,0,1
hikes,11,2,9,-7
stalactite,1,0,1,-1
remodel,1,0,1,-1
stir,2,0,2,-2
verizon,4,2,2,0
dod,1,0,1,-1
restored,1,1,0,1
gremlins,3,3,0,3
nfl,2,1,1,0
jaguar,1,1,0,1
werewolves,2,2,0,2
glitter,4,1,3,-2
yuma,1,1,0,1
fucks,15,8,7,1
orangier,1,0,1,-1
facility,5,2,3,-1
brockman,1,1,0,1
perfected,3,1,2,-1
hiangles,2,0,2,-2
titanic,2,0,2,-2
scratches,4,2,2,0
ultimatumy,1,0,1,-1
ohhhhhh,6,6,0,6
plague,1,1,0,1
honeymoon,3,3,0,3
claim,22,9,13,-4
tactipup,1,0,1,-1
trenches,1,1,0,1
pluto,3,1,2,-1
overcome,7,3,4,-1
braces,13,5,8,-3
koda,26,8,18,-10
controls,2,1,1,0
kindles,1,0,1,-1
mundane,2,0,2,-2
mullholland,1,1,0,1
simone,3,1,2,-1
uppercase,1,0,1,-1
shockingly,40,16,24,-8
extremes,2,0,2,-2
coveted,2,2,0,2
firmly,10,2,8,-6
thank,687,386,301,85
criticized,2,0,2,-2
unenthusiastic,1,0,1,-1
celiac,1,0,1,-1
binoculars,2,2,0,2
handlebars,1,1,0,1
godzillaverse,1,1,0,1
pronouncing,4,0,4,-4
devote,1,1,0,1
direct,21,6,15,-9
able,258,121,137,-16
feat,11,2,9,-7
exhausted,3,0,3,-3
assembly,1,0,1,-1
far,293,118,175,-57
kerouac,2,1,1,0
disparity,2,1,1,0
thai,6,2,4,-2
situps,2,1,1,0
stand,127,60,67,-7
successfully,27,14,13,1
freeing,2,1,1,0
divots,1,0,1,-1
brake,14,5,9,-4
propane,2,0,2,-2
wired,9,3,6,-3
tedious,14,2,12,-10
clothing's,1,0,1,-1
earsplitcompound,1,0,1,-1
discoloration,1,1,0,1
be,7293,3160,4133,-973
redid,1,0,1,-1
struggling,11,1,10,-9
esparparts,1,0,1,-1
proprietary,1,1,0,1
hike,60,15,45,-30
carts,1,0,1,-1
profiting,1,0,1,-1
tunnel,7,1,6,-5
colette,2,0,2,-2
edgar,1,0,1,-1
johns,50,41,9,32
irresistible,3,3,0,3
admiring,1,1,0,1
disliking,1,1,0,1
lease,13,4,9,-5
laterally,1,1,0,1
abac,1,0,1,-1
jack,34,23,11,12
chanting,2,2,0,2
reminiscent,3,3,0,3
explanation,22,11,11,0
consumer,1,1,0,1
french,28,19,9,10
meetings,9,2,7,-5
occasion,22,9,13,-4
dashboard,3,0,3,-3
pads,81,17,64,-47
dynamics,2,2,0,2
anecdotally,8,4,4,0
greying,1,1,0,1
thought,898,393,505,-112
therapeutic,1,1,0,1
operating,2,2,0,2
cyndi,1,1,0,1
lean,21,12,9,3
endorsement,1,1,0,1
earrings,36,17,19,-2
transportation,3,3,0,3
dread,7,6,1,5
epoxying,1,1,0,1
taunting,1,0,1,-1
grilled,8,5,3,2
childhood,23,10,13,-3
handsome,8,7,1,6
tired,109,34,75,-41
ahhahaha,2,2,0,2
rufflandkennels,1,0,1,-1
sang,2,0,2,-2
wasteful,3,2,1,1
juxtaposition,1,1,0,1
articles,5,2,3,-1
games,50,28,22,6
contextually,2,2,0,2
funny,752,438,314,124
hills,6,3,3,0
dog's,1,0,1,-1
homedepot,10,8,2,6
victor,1,1,0,1
pinecone,1,0,1,-1
sunglasses,16,10,6,4
rings,16,10,6,4
lutenizing,1,1,0,1
smashing,1,0,1,-1
arts,5,3,2,1
blinking,2,1,1,0
impractical,1,1,0,1
restriction,2,0,2,-2
or,4015,2126,1889,237
loveeee,1,1,0,1
arose,1,0,1,-1
innocent,4,4,0,4
install,23,14,9,5
receptionist,2,1,1,0
pissing,1,1,0,1
tend,46,22,24,-2
pentastar,2,0,2,-2
exclusives,1,1,0,1
unread,2,0,2,-2
toes,7,3,4,-1
faggot,7,7,0,7
avoid,34,13,21,-8
outfit,69,30,39,-9
anxieties,3,1,2,-1
sober,21,17,4,13
timetoclimb,2,0,2,-2
it's,21,18,3,15
stingray,3,2,1,1
gurgling,1,1,0,1
prevents,4,3,1,2
memberships,9,4,5,-1
seatbelts,1,0,1,-1
winded,1,0,1,-1
weirdness,12,7,5,2
insist,8,1,7,-6
awards,4,1,3,-2
him,2983,1072,1911,-839
calendaring,1,0,1,-1
rewatched,1,1,0,1
yeahhhh,2,2,0,2
enunciate,1,0,1,-1
ovulation,3,1,2,-1
jenner,1,0,1,-1
take,894,387,507,-120
tutta,2,0,2,-2
opens,13,6,7,-1
container,5,1,4,-3
accusation,3,2,1,1
addition,28,6,22,-16
climbing,676,310,366,-56
sample,9,4,5,-1
paperwork,12,1,11,-10
ignition,1,1,0,1
remmebr,1,1,0,1
flashlight,1,1,0,1
befe,1,1,0,1
mock,4,3,1,2
awwweeeee,1,1,0,1
lets,36,19,17,2
livemusic,1,0,1,-1
malachy,2,0,2,-2
pushed,23,5,18,-13
slimy,4,2,2,0
nooooooo,2,2,0,2
iy,2,1,1,0
improvise,2,2,0,2
ca,10,8,2,6
mysteriously,1,1,0,1
bullshit,3,3,0,3
overpressure,1,1,0,1
praise,15,7,8,-1
tips,28,16,12,4
wayne,9,3,6,-3
ticked,1,0,1,-1
misleading,6,1,5,-4
vlogs,1,1,0,1
wingus,1,1,0,1
ethnically,1,1,0,1
browse,8,3,5,-2
stem,2,1,1,0
lid,18,4,14,-10
hobble,1,0,1,-1
fyfyfyfyfyfyfyfyfyfyfyfyfyfyfyfyfy,1,1,0,1
ge,2,1,1,0
undermine,1,0,1,-1
gorgeous,18,18,0,18
clit,1,1,0,1
dol,1,1,0,1
bump,9,3,6,-3
thyme,2,0,2,-2
mppt,13,0,13,-13
reattached,1,0,1,-1
mourning,2,1,1,0
acae,2,1,1,0
nd,1,0,1,-1
milker,2,0,2,-2
fewer,54,2,52,-50
marathoners,1,1,0,1
purebred,5,2,3,-1
alerts,1,1,0,1
cocky,1,1,0,1
fatty,2,2,0,2
ciders,2,1,1,0
click,21,7,14,-7
babies,22,9,13,-4
obnoxious,3,0,3,-3
contains,6,5,1,4
beea,1,0,1,-1
challenging,2,2,0,2
rapist,1,0,1,-1
rounding,3,1,2,-1
engine,14,7,7,0
tiers,2,0,2,-2
suspense,8,1,7,-6
selective,3,1,2,-1
minute,124,60,64,-4
loosen,1,0,1,-1
terrorism,1,0,1,-1
needs,249,95,154,-59
laughs,3,3,0,3
ufo,2,0,2,-2
excellently,1,1,0,1
enjoyment,2,2,0,2
standpoint,4,2,2,0
randos,3,3,0,3
passion,41,11,30,-19
ascent,3,2,1,1
tbh,60,51,9,42
rags,1,0,1,-1
maintained,2,0,2,-2
reliably,2,0,2,-2
rob,2,0,2,-2
travels,3,2,1,1
tempted,12,4,8,-4
braid,19,8,11,-3
kexp,1,1,0,1
aesthetics,1,0,1,-1
misreaddd,1,1,0,1
brilliance,1,1,0,1
anger,9,6,3,3
razorless,1,1,0,1
given,135,40,95,-55
secondary,4,1,3,-2
asleep,37,20,17,3
scrubbering,2,0,2,-2
skins,1,1,0,1
kuu,1,0,1,-1
yummmy,1,1,0,1
phased,2,2,0,2
collaborate,5,2,3,-1
organization,14,2,12,-10
kidding,9,4,5,-1
sucks,108,45,63,-18
alternator,17,5,12,-7
activewear,1,1,0,1
jacksonville,2,1,1,0
nirvana,1,1,0,1
tingle,1,0,1,-1
ctown,1,1,0,1
spots,29,9,20,-11
jared,6,4,2,2
estrone,7,1,6,-5
hoped,7,4,3,1
lightbulb,2,0,2,-2
class,97,22,75,-53
nonhuman,1,0,1,-1
ou,3,1,2,-1
despise,8,3,5,-2
mall,5,3,2,1
owing,1,1,0,1
oxygen,5,5,0,5
digit,2,2,0,2
thermal,6,4,2,2
finally,108,35,73,-38
galaxy,5,2,3,-1
dues,1,0,1,-1
reached,16,4,12,-8
hughes,1,1,0,1
bulldog,1,0,1,-1
leaned,7,1,6,-5
disgusted,4,3,1,2
yosemite,3,2,1,1
joggers,6,3,3,0
postpone,3,0,3,-3
developed,22,17,5,12
intrusive,1,1,0,1
there's,1,1,0,1
sculpted,1,1,0,1
prisoner,1,1,0,1
unannounced,2,1,1,0
mothermilker,2,0,2,-2
babiest,1,1,0,1
michigan,3,2,1,1
tether,1,0,1,-1
everybody,46,10,36,-26
butts,2,0,2,-2
lecture,13,6,7,-1
vegetarians,2,0,2,-2
shares,8,7,1,6
microscope,1,0,1,-1
steps,30,8,22,-14
kiss,83,59,24,35
hahah,20,19,1,18
spirits,4,4,0,4
inconveniencing,2,1,1,0
harold,1,0,1,-1
coincide,3,3,0,3
scolded,9,6,3,3
super,216,165,51,114
electricians,1,0,1,-1
dewormed,2,0,2,-2
transphobe,1,1,0,1
defaulted,1,1,0,1
souls,1,1,0,1
biohazard,1,0,1,-1
definite,6,5,1,4
transmedicialism,1,1,0,1
yuppppp,1,1,0,1
bureaucratic,1,1,0,1
those,649,299,350,-51
sooooooo,3,3,0,3
rumors,4,2,2,0
beasts,1,1,0,1
groom,2,1,1,0
stunner,1,1,0,1
flooded,3,1,2,-1
suggested,10,1,9,-8
unbuckle,1,0,1,-1
eeeee,1,1,0,1
viscosity,1,0,1,-1
byeeeee,1,1,0,1
aye,1,1,0,1
treaters,1,1,0,1
minigame,2,1,1,0
sized,20,5,15,-10
called,276,151,125,26
phillips,3,2,1,1
percents,2,0,2,-2
run,209,86,123,-37
afff,2,2,0,2
rudest,3,0,3,-3
comprehend,9,0,9,-9
many,827,358,469,-111
oatmeal,2,0,2,-2
tubs,1,0,1,-1
caps,3,3,0,3
remembers,13,6,7,-1
impossible,66,23,43,-20
floor,164,53,111,-58
satchel,2,2,0,2
scheduled,40,13,27,-14
inches,58,15,43,-28
employ,3,2,1,1
doubts,3,2,1,1
exact,113,35,78,-43
accident,55,14,41,-27
wrench,14,6,8,-2
interfering,2,0,2,-2
projectile,2,2,0,2
interior,12,3,9,-6
barky,1,1,0,1
snow,42,22,20,2
toilet,40,8,32,-24
interprets,2,2,0,2
concise,3,3,0,3
xray,3,1,2,-1
bribe,7,0,7,-7
gratification,2,0,2,-2
obtain,1,0,1,-1
orchiectomy,3,2,1,1
fender,4,0,4,-4
predictions,4,1,3,-2
menopause,5,0,5,-5
footing,1,0,1,-1
experience,158,53,105,-52
annoys,1,1,0,1
allowed,206,103,103,0
quoted,2,0,2,-2
undisturbed,1,0,1,-1
smog,1,1,0,1
worrier,1,0,1,-1
defendant,1,1,0,1
salvage,4,3,1,2
preemptive,4,1,3,-2
werewolf,5,5,0,5
evils,2,2,0,2
prickly,1,0,1,-1
caad,1,1,0,1
collected,2,2,0,2
lmaoo,10,10,0,10
guard,9,4,5,-1
master,16,13,3,10
disregard,13,9,4,5
user,15,5,10,-5
scalped,1,1,0,1
strengths,4,0,4,-4
beards,2,2,0,2
pranks,1,0,1,-1
sweatpants,7,4,3,1
lmaoooo,6,6,0,6
defeat,1,0,1,-1
assure,4,1,3,-2
mandarin,1,0,1,-1
basis,8,4,4,0
ripper,1,1,0,1
phantasm,2,1,1,0
specifics,13,5,8,-3
riordans,1,0,1,-1
dl,3,0,3,-3
empowering,2,2,0,2
radtion,1,1,0,1
skin,50,25,25,0
fill,57,28,29,-1
city,53,29,24,5
soill,19,9,10,-1
niceties,1,0,1,-1
parallels,2,2,0,2
autopilot,1,0,1,-1
wrinkle,1,0,1,-1
diner,1,0,1,-1
alternatively,6,4,2,2
carrot,7,3,4,-1
truckfridge,1,0,1,-1
popchock,3,3,0,3
barone,1,0,1,-1
riverdale,4,2,2,0
introduction,4,2,2,0
senator,1,0,1,-1
contributing,3,0,3,-3
neglected,6,0,6,-6
silver,34,25,9,16
willow,1,0,1,-1
sqft,4,2,2,0
interject,1,0,1,-1
marci,6,6,0,6
employees,41,9,32,-23
bede,2,1,1,0
behaviors,8,4,4,0
bodysuit,13,11,2,9
benjamin,2,1,1,0
wewalkdogs,1,1,0,1
scroll,19,4,15,-11
ev,1,0,1,-1
enforcing,2,0,2,-2
flinching,2,0,2,-2
cultish,3,1,2,-1
destined,3,3,0,3
crosses,2,1,1,0
unworldly,1,1,0,1
boomer,1,1,0,1
institute,1,0,1,-1
swiped,4,2,2,0
inayah,1,1,0,1
dreams,29,14,15,-1
repeated,5,1,4,-3
roar,1,0,1,-1
pirates,8,2,6,-4
sticks,10,2,8,-6
compatible,16,9,7,2
conviennent,4,4,0,4
tolkien,1,0,1,-1
thoughts,179,108,71,37
tutu,1,1,0,1
logistically,9,4,5,-1
assignment,12,1,11,-10
helens,2,1,1,0
weirdo,1,1,0,1
experimental,1,1,0,1
marshal,2,2,0,2
blurry,12,2,10,-8
refusing,5,0,5,-5
eyebrow,8,4,4,0
chart,11,4,7,-3
thirsts,1,1,0,1
fifthcoe,2,2,0,2
rerelease,3,0,3,-3
campground,1,0,1,-1
badges,1,1,0,1
marlene,1,0,1,-1
warranties,1,1,0,1
honed,1,1,0,1
childish,5,4,1,3
hahahahah,7,7,0,7
hairstyle,3,1,2,-1
cousins,25,18,7,11
unproven,1,0,1,-1
platter,1,1,0,1
manifests,3,0,3,-3
utf,2,2,0,2
jeeeezzzzz,1,1,0,1
method,15,9,6,3
eagerly,1,1,0,1
memorable,7,1,6,-5
avenues,1,1,0,1
fulfilling,8,6,2,4
bettering,1,1,0,1
overrun,1,0,1,-1
bane,2,1,1,0
scallop,3,3,0,3
lutheran,2,2,0,2
lll,1,1,0,1
draw,73,46,27,19
celaena,1,0,1,-1
roiland,1,1,0,1
farms,5,2,3,-1
phasmophobia,1,1,0,1
grownups,5,0,5,-5
standard,34,15,19,-4
closets,2,1,1,0
extraterrestrial,1,1,0,1
promethea,2,0,2,-2
thankfully,5,5,0,5
correlation,1,1,0,1
walkers,3,1,2,-1
rocky,3,1,2,-1
induced,1,0,1,-1
aloha,1,1,0,1
adopted,5,1,4,-3
spared,1,0,1,-1
gambling,7,6,1,5
spooked,9,0,9,-9
unsend,2,0,2,-2
philosophical,2,2,0,2
yakima,1,0,1,-1
forgive,23,15,8,7
directed,8,6,2,4
arise,2,0,2,-2
gerald,2,1,1,0
releases,12,1,11,-10
reassure,3,2,1,1
tbd,7,2,5,-3
unthinkable,1,1,0,1
fitbit,1,1,0,1
errors,1,1,0,1
words,167,77,90,-13
threat,14,8,6,2
approval,9,4,5,-1
hamsters,1,0,1,-1
lifelong,2,1,1,0
jimmys,14,12,2,10
bridge,1,0,1,-1
janja,6,1,5,-4
france,4,1,3,-2
hunching,2,0,2,-2
nonbonding,1,0,1,-1
oppositely,1,1,0,1
yesss,18,18,0,18
ground,74,27,47,-20
heeeey,1,0,1,-1
texas,44,15,29,-14
skc,1,0,1,-1
skykomish,1,0,1,-1
ipados,2,2,0,2
unnecessary,20,3,17,-14
sur,7,1,6,-5
yhis,1,1,0,1
fairness,6,6,0,6
aaae,2,1,1,0
ferocious,1,0,1,-1
matchups,1,0,1,-1
ransom,1,0,1,-1
orem,1,0,1,-1
bobby,3,1,2,-1
nomad,1,0,1,-1
derry,2,0,2,-2
spilled,2,1,1,0
cracker,2,1,1,0
labors,1,1,0,1
femm,1,1,0,1
balance,27,21,6,15
magusonline,1,1,0,1
card,125,52,73,-21
benefit,25,11,14,-3
urban,5,4,1,3
tootsie,1,1,0,1
sympathizer,1,1,0,1
afae,2,1,1,0
roof,99,26,73,-47
is,12892,5883,7009,-1126
revelation,3,3,0,3
temps,1,1,0,1
cheryl,1,0,1,-1
conditioning,6,5,1,4
subjectivity,1,1,0,1
ribbed,1,0,1,-1
rien,1,1,0,1
hell,34,32,2,30
absurdly,3,2,1,1
ffcc,1,0,1,-1
franchises,1,1,0,1
reacting,1,1,0,1
bachelorette,2,1,1,0
blink,3,1,2,-1
spinning,6,2,4,-2
software,29,14,15,-1
laupers,1,1,0,1
scripted,1,0,1,-1
agreed,54,28,26,2
misogyny,6,5,1,4
imgonna,1,1,0,1
hueco,11,1,10,-9
audit,1,0,1,-1
stranded,4,0,4,-4
mattresses,1,1,0,1
become,109,63,46,17
soap,11,8,3,5
asteroid,1,1,0,1
edge,26,7,19,-12
large,43,27,16,11
motive,2,0,2,-2
downgrade,5,2,3,-1
lantern,2,1,1,0
we've,2,1,1,0
performing,6,3,3,0
unvaxxed,1,1,0,1
code,42,13,29,-16
pudding,5,2,3,-1
provide,26,13,13,0
hickeys,1,0,1,-1
swiss,8,3,5,-2
nemesis,5,1,4,-3
murals,1,0,1,-1
shit,91,48,43,5
skipping,5,1,4,-3
exempt,1,1,0,1
bermans,1,1,0,1
sequel,9,5,4,1
stationary,3,0,3,-3
presale,16,0,16,-16
creepier,1,0,1,-1
staminas,1,0,1,-1
classifieds,9,0,9,-9
elephant,20,10,10,0
roger,1,0,1,-1
attendant,3,3,0,3
tub,21,9,12,-3
delegated,1,0,1,-1
justice,18,9,9,0
minimalist,1,1,0,1
displaying,1,1,0,1
batman,1,1,0,1
fixing,24,10,14,-4
by,14407,4446,9961,-5515
wade,3,0,3,-3
conveyed,1,0,1,-1
passionately,16,6,10,-4
evidences,1,0,1,-1
macbook,3,3,0,3
dungeons,1,1,0,1
stainless,1,1,0,1
expired,1,0,1,-1
mahogany,1,1,0,1
lawn,2,2,0,2
cultured,1,0,1,-1
dunphy,1,1,0,1
precision,3,2,1,1
sourced,3,3,0,3
rehome,3,0,3,-3
shortlist,1,1,0,1
tibetan,2,2,0,2
mhmmm,1,1,0,1
seams,4,2,2,0
roomy,1,1,0,1
january,12,4,8,-4
restocking,2,0,2,-2
prediction,6,5,1,4
ideology,1,1,0,1
ye,3,3,0,3
christine,35,25,10,15
viewed,3,3,0,3
jersey,22,5,17,-12
intense,19,12,7,5
pvc,3,1,2,-1
progressively,5,2,3,-1
entertained,3,3,0,3
billed,1,1,0,1
zoie,1,0,1,-1
author,12,2,10,-8
exogenous,4,0,4,-4
auburn,1,0,1,-1
walkie,7,2,5,-3
unprofessional,2,0,2,-2
asymmetrical,2,1,1,0
bombs,3,2,1,1
shrinking,6,3,3,0
quintet,1,0,1,-1
underwhelmed,3,1,2,-1
explicit,2,0,2,-2
redoing,1,0,1,-1
itll,2,2,0,2
opting,3,2,1,1
blurriness,1,1,0,1
errands,14,9,5,4
eric,148,29,119,-90
homeschooling,1,1,0,1
featuring,11,4,7,-3
weighed,9,3,6,-3
miyazaki,1,0,1,-1
muffled,2,0,2,-2
identify,23,14,9,5
tubing,2,2,0,2
adfa,1,1,0,1
dealer,9,2,7,-5
mikes,1,1,0,1
hd,2,0,2,-2
ramble,3,0,3,-3
coe,305,121,184,-63
chalk,26,13,13,0
paramore,2,0,2,-2
underground,3,2,1,1
uninformed,3,1,2,-1
jughead,1,0,1,-1
sheer,1,0,1,-1
chromosomes,4,1,3,-2
npr,1,1,0,1
willard,10,5,5,0
magenta,1,0,1,-1
grins,2,2,0,2
crewneck,3,3,0,3
trucking,1,1,0,1
unprepared,1,0,1,-1
death,23,14,9,5
dylan,53,3,50,-47
spices,3,1,2,-1
ebdd,1,1,0,1
colour,1,1,0,1
adults,16,5,11,-6
ignorant,13,12,1,11
bridger,2,0,2,-2
wives,3,1,2,-1
namesake,2,1,1,0
icky,20,11,9,2
safest,4,4,0,4
genitalia,1,1,0,1
celery,2,1,1,0
northbound,1,0,1,-1
algorithm,3,1,2,-1
trend,3,1,2,-1
controllable,1,1,0,1
rooted,3,3,0,3
ellis,1,0,1,-1
wack,16,16,0,16
proobably,1,1,0,1
gvk,1,1,0,1
gps,11,0,11,-11
gayest,3,1,2,-1
devalues,1,0,1,-1
communicative,1,1,0,1
accounts,8,8,0,8
bothered,22,5,17,-12
arbitrary,8,3,5,-2
sidewalk,7,3,4,-1
specifications,3,2,1,1
villain,4,1,3,-2
gettuffstaytuff,1,0,1,-1
associated,15,10,5,5
voting,6,3,3,0
yanking,4,0,4,-4
dogless,1,1,0,1
isolate,3,2,1,1
pie,4,4,0,4
buzzed,1,0,1,-1
tables,6,3,3,0
variables,5,2,3,-1
biggest,150,84,66,18
tough,98,25,73,-48
dose,41,21,20,1
zap,2,0,2,-2
shkle,1,1,0,1
vouch,4,1,3,-2
host,16,6,10,-4
rivnut,2,1,1,0
backpedaled,3,0,3,-3
etc,78,36,42,-6
steaks,1,1,0,1
pain,30,17,13,4
woahhhhhhh,3,3,0,3
compassion,1,1,0,1
temple,12,8,4,4
zac,1,1,0,1
teen,4,3,1,2
decency,2,1,1,0
mov,485,196,289,-93
collusion,4,0,4,-4
seasonal,11,4,7,-3
bdab,2,1,1,0
dessert,5,1,4,-3
vacuuming,7,1,6,-5
pronoun,14,8,6,2
suckiest,1,1,0,1
group,140,47,93,-46
candidate,3,1,2,-1
unsafe,3,1,2,-1
s,19007,8193,10814,-2621
observe,5,4,1,3
ok,30,26,4,22
orient,1,1,0,1
involvement,2,1,1,0
cord,7,2,5,-3
entails,2,0,2,-2
flowing,1,1,0,1
jason,16,8,8,0
bbl,1,1,0,1
unpaused,1,1,0,1
congress,2,0,2,-2
keeper,5,4,1,3
chooses,5,2,3,-1
rooftop,1,1,0,1
fingy,3,1,2,-1
adidas,2,0,2,-2
mutuals,6,4,2,2
life,601,384,217,167
effect,50,25,25,0
chop,1,1,0,1
bruh,30,30,0,30
ness,2,2,0,2
moments,35,21,14,7
mortuary,1,0,1,-1
efforts,2,1,1,0
consistent,30,18,12,6
remotes,1,0,1,-1
cisssexual,1,1,0,1
dictated,2,2,0,2
job,548,232,316,-84
babf,3,2,1,1
faed,1,0,1,-1
skied,1,0,1,-1
kicks,1,1,0,1
gerbil,10,1,9,-8
extrapolating,1,0,1,-1
aggressions,1,1,0,1
almost,409,216,193,23
crawling,5,2,3,-1
oppression,1,1,0,1
puppets,1,0,1,-1
reactions,12957,3780,9177,-5397
pleasee,1,1,0,1
fans,40,18,22,-4
heathers,2,2,0,2
bellevue,20,2,18,-16
undeserved,1,0,1,-1
sealed,9,4,5,-1
actions,8,4,4,0
continue,44,20,24,-4
methodologies,1,1,0,1
nonnegotiable,2,0,2,-2
spry,1,0,1,-1
attracting,2,2,0,2
sick,155,104,51,53
horny,5,3,2,1
entirety,24,16,8,8
yesyesysyeys,1,1,0,1
biologists,4,2,2,0
surname,1,1,0,1
destiny,3,3,0,3
clipping,2,1,1,0
cyberbullied,1,0,1,-1
forearms,1,0,1,-1
pirate's,2,2,0,2
disappears,1,1,0,1
slips,2,1,1,0
quarters,2,0,2,-2
undercover,1,0,1,-1
catteries,2,1,1,0
climbinglife,1,0,1,-1
underneath,37,28,9,19
bold,9,2,7,-5
orally,3,2,1,1
configuration,2,2,0,2
curating,1,0,1,-1
yellows,1,0,1,-1
softest,5,3,2,1
bowery,1,1,0,1
compensate,6,2,4,-2
usac,8,0,8,-8
jpg,146,140,6,134
dogtuff,3,3,0,3
dsm,1,1,0,1
knobs,1,1,0,1
acknowledging,3,1,2,-1
cunty,7,6,1,5
pending,2,1,1,0
inactive,1,1,0,1
buses,6,6,0,6
nc,3,0,3,-3
acquired,2,2,0,2
planets,2,0,2,-2
global,3,1,2,-1
awfully,3,2,1,1
tradesman,1,1,0,1
approximations,1,1,0,1
cancel,34,16,18,-2
idek,6,6,0,6
bowling,3,2,1,1
seconds,673,439,234,205
choe,6,5,1,4
jolly,1,1,0,1
burgers,1,0,1,-1
uma,14,12,2,10
distance,54,23,31,-8
unconsensually,1,1,0,1
toy,35,17,18,-1
gives,74,40,34,6
tooddddddd,1,1,0,1
enrolled,1,1,0,1
bodyarmor,1,0,1,-1
prevent,8,3,5,-2
jurassic,10,6,4,2
typical,14,8,6,2
harem,4,0,4,-4
dust,9,1,8,-7
intimate,3,1,2,-1
manipulated,1,1,0,1
ganged,1,0,1,-1
sfbay,3,0,3,-3
peculiar,3,2,1,1
hin,1,1,0,1
fixes,7,2,5,-3
perscriptions,1,1,0,1
calculation,2,1,1,0
pearls,1,1,0,1
cuff,1,0,1,-1
lokakuu,1,1,0,1
ranch,3,3,0,3
handywork,1,0,1,-1
launched,3,1,2,-1
delusions,2,1,1,0
offense,43,27,16,11
buddy,39,22,17,5
current,66,29,37,-8
growing,65,39,26,13
grocery,18,2,16,-14
raw,11,6,5,1
sargeant,1,0,1,-1
connectors,1,0,1,-1
ago,413,203,210,-7
juudit,1,1,0,1
singers,5,4,1,3
explanatory,1,1,0,1
steals,5,3,2,1
orthodox,1,1,0,1
prescription,36,23,13,10
reyna,1,0,1,-1
sorely,1,1,0,1
extracting,1,0,1,-1
bonus,39,17,22,-5
nose,59,30,29,1
resurrect,1,1,0,1
ztrnjbwso,1,0,1,-1
crossed,3,3,0,3
ipad,26,13,13,0
eat,226,86,140,-54
livable,1,1,0,1
kicker,2,1,1,0
stocked,1,0,1,-1
ma,7,7,0,7
stripe,1,0,1,-1
independence,3,1,2,-1
approaches,4,1,3,-2
insisting,5,0,5,-5
sits,20,17,3,14
qualifications,5,0,5,-5
deflect,1,0,1,-1
merle,7,2,5,-3
trembling,1,1,0,1
tucked,11,6,5,1
glanced,2,1,1,0
gorge,2,2,0,2
abused,1,1,0,1
deepen,1,0,1,-1
open,271,116,155,-39
repealed,2,0,2,-2
yassss,2,2,0,2
aired,2,1,1,0
peed,19,2,17,-15
trained,39,9,30,-21
fallacy,1,1,0,1
violently,3,2,1,1
reattach,1,0,1,-1
stalk,2,2,0,2
determine,3,1,2,-1
deff,2,1,1,0
definitely,462,188,274,-86
links,6,2,4,-2
forget,143,59,84,-25
tiktok,318,42,276,-234
sisterly,1,1,0,1
unpacking,1,0,1,-1
champagne,2,0,2,-2
disoriented,1,0,1,-1
misgender,2,1,1,0
vampiriest,1,0,1,-1
aforementioned,2,0,2,-2
june,19,9,10,-1
widow,2,1,1,0
horniest,1,1,0,1
ko,2,2,0,2
millennium,1,1,0,1
including,41,23,18,5
insecure,7,4,3,1
casual,35,16,19,-3
sitting,115,38,77,-39
converse,1,1,0,1
wheelbase,1,1,0,1
loyal,4,1,3,-2
recap,5,2,3,-1
jobs,91,39,52,-13
honeydew,1,0,1,-1
jean,10,6,4,2
tantrum,7,0,7,-7
pyrrhic,1,1,0,1
grabs,1,0,1,-1
isolated,8,5,3,2
passage,1,0,1,-1
mislabeled,1,0,1,-1
slurping,1,0,1,-1
cheer,5,2,3,-1
pajama,3,0,3,-3
appleseed,1,0,1,-1
jibbed,1,0,1,-1
ceo,2,2,0,2
cartoon,8,5,3,2
avengers,2,1,1,0
boxed,1,0,1,-1
lobster,1,0,1,-1
memories,11,8,3,5
reporter,1,1,0,1
nylon,3,0,3,-3
parties,7,6,1,5
rizz,1,1,0,1
athleticism,2,1,1,0
dried,6,0,6,-6
hehehehehe,2,2,0,2
dugtrio,1,0,1,-1
alloy,3,3,0,3
fbcf,1,1,0,1
videos,84,36,48,-12
stuffed,15,9,6,3
tabby,4,1,3,-2
plus,167,63,104,-41
limiting,6,2,4,-2
seem,189,86,103,-17
shepherd,22,5,17,-12
pomeranian,5,0,5,-5
hypothesis,3,1,2,-1
routinely,1,0,1,-1
pants,210,78,132,-54
accustomed,3,1,2,-1
whatevrr,1,1,0,1
fabricate,1,1,0,1
don,4344,1443,2901,-1458
usdot,1,0,1,-1
apartheid,2,0,2,-2
bows,3,3,0,3
slender,3,2,1,1
bonjour,1,1,0,1
stitch,12,5,7,-2
unchecked,6,4,2,2
metagross,1,1,0,1
def,61,61,0,61
minutes,453,168,285,-117
rambled,1,0,1,-1
shorthand,1,1,0,1
private,43,15,28,-13
lottery,5,3,2,1
parks,6,4,2,2
bitter,15,9,6,3
orientation,3,2,1,1
manipulate,8,6,2,4
theoretical,10,5,5,0
contend,1,1,0,1
wing,3,3,0,3
executive,5,4,1,3
hitler,4,2,2,0
slides,12,4,8,-4
bern,1,1,0,1
pooper,1,0,1,-1
capture,3,2,1,1
ya,30,29,1,28
madrockclimbing,1,0,1,-1
folders,2,2,0,2
publicly,12,6,6,0
oitfits,1,0,1,-1
caged,1,1,0,1
orchestration,1,1,0,1
purse,25,13,12,1
calltoaction,1,0,1,-1
bdae,2,0,2,-2
materialize,1,1,0,1
untrainable,1,1,0,1
agrees,13,3,10,-7
transitioned,18,10,8,2
neurodivergent,3,0,3,-3
right,1677,901,776,125
walton,8,6,2,4
therapy,63,49,14,35
impulse,6,3,3,0
past,173,81,92,-11
femboys,1,1,0,1
labeling,2,2,0,2
commercial,11,2,9,-7
studios,1,1,0,1
unlucky,2,1,1,0
shoving,6,2,4,-2
mutate,1,1,0,1
airdrop,3,1,2,-1
dogandeggchallenge,1,0,1,-1
unsure,30,30,0,30
strawberry,6,3,3,0
ordered,56,13,43,-30
bust,2,0,2,-2
caribbean,1,0,1,-1
greasing,1,0,1,-1
shoo,1,0,1,-1
pages,28,20,8,12
anatomy,4,3,1,2
improvement,7,3,4,-1
flaw,5,2,3,-1
hospitals,3,0,3,-3
verified,4,1,3,-2
moons,31,25,6,19
disregarded,1,0,1,-1
staged,2,1,1,0
darnielle,66,51,15,36
understandable,14,12,2,10
romeo,3,3,0,3
unattainable,1,1,0,1
inviting,8,3,5,-2
hillary,2,0,2,-2
overcomplicate,3,1,2,-1
goalie,3,0,3,-3
matched,6,5,1,4
deemed,1,1,0,1
strava,15,9,6,3
aleela,3,0,3,-3
behalves,1,0,1,-1
preaching,2,1,1,0
race,20,14,6,8
discrete,1,0,1,-1
proceeded,12,0,12,-12
requited,1,0,1,-1
ebook,3,3,0,3
poops,4,0,4,-4
lux,5,0,5,-5
spoonfuls,1,0,1,-1
nali,1,1,0,1
flirtatious,1,1,0,1
innovative,2,2,0,2
burnt,1,0,1,-1
molina,13,8,5,3
discriminating,2,0,2,-2
skilled,2,2,0,2
andrew,1902,570,1332,-762
regime,1,1,0,1
thjnk,1,1,0,1
rare,66,23,43,-20
republic's,1,0,1,-1
initiation,2,1,1,0
resentment,4,1,3,-2
bodily,1,1,0,1
instas,1,0,1,-1
trunks,2,1,1,0
yalelawjournal,2,2,0,2
crashed,5,1,4,-3
loki,1,1,0,1
pinching,1,0,1,-1
owners,22,10,12,-2
cream,76,29,47,-18
connects,10,4,6,-2
probablyly,1,1,0,1
convoluted,1,1,0,1
creator,4,4,0,4
unused,3,2,1,1
boofing,1,1,0,1
have,6954,3131,3823,-692
vis,2,2,0,2
nublar,1,1,0,1
galerie,1,1,0,1
straight,204,89,115,-26
adaptations,1,0,1,-1
whereas,3,3,0,3
bdfb,1,1,0,1
manufacture,3,1,2,-1
earning,3,2,1,1
verbalize,1,1,0,1
oblivious,4,2,2,0
disagreement,2,2,0,2
sneakers,2,1,1,0
breathing,5,3,2,1
burnout,1,0,1,-1
instantaneous,1,0,1,-1
articulate,3,2,1,1
syndromed,1,0,1,-1
hana's,1,0,1,-1
overtheroadtruckinglife,1,1,0,1
derogatory,2,1,1,0
cinematography,1,0,1,-1
principle,17,1,16,-15
weaned,1,1,0,1
afce,1,0,1,-1
belong,12,4,8,-4
cutest,24,17,7,10
ld,1,1,0,1
influences,1,1,0,1
johanna,1,1,0,1
magnus,1,1,0,1
disappeared,5,0,5,-5
pancake,2,2,0,2
ace,2,1,1,0
horrific,2,1,1,0
critical,27,14,13,1
importantly,14,11,3,8
schwartzman,2,1,1,0
totaled,4,3,1,2
ceff,1,0,1,-1
solarpower,2,0,2,-2
yells,6,0,6,-6
coating,1,0,1,-1
menuoamine,1,1,0,1
vegetable,4,2,2,0
stature,1,1,0,1
uw,21,4,17,-13
zeldie,2,2,0,2
yawned,1,0,1,-1
fenders,1,0,1,-1
waterfall,2,1,1,0
milfs,3,3,0,3
handles,9,2,7,-5
stored,6,2,4,-2
durable,9,5,4,1
number,230,91,139,-48
bought,144,59,85,-26
favorites,43,28,15,13
naomi,1,0,1,-1
tick,1,0,1,-1
punky,1,1,0,1
steering,1,0,1,-1
deal,152,88,64,24
bouncy,1,1,0,1
prototype,3,2,1,1
cheapo,1,0,1,-1
weirdly,74,29,45,-16
invisible,5,5,0,5
sera,9,1,8,-7
forbidden,2,1,1,0
cougar,5,3,2,1
nows,1,1,0,1
downey,1,0,1,-1
naw,12,12,0,12
flatbed,1,1,0,1
affirmed,3,3,0,3
short,226,78,148,-70
decoding,0,0,0,0
bison,1,0,1,-1
ttpd,2,1,1,0
riches,2,2,0,2
gotchu,3,3,0,3
movie,496,259,237,22
semis,1,0,1,-1
learner,4,3,1,2
twenty,1,1,0,1
creepy,47,30,17,13
phrased,1,0,1,-1
pink,199,62,137,-75
crackers,5,2,3,-1
vomit,2,1,1,0
investigator,1,0,1,-1
enjoy,76,52,24,28
granted,1,1,0,1
moderate,3,2,1,1
boogie,3,0,3,-3
bathrooms,15,7,8,-1
countries,2,0,2,-2
nathan,5,1,4,-3
riff,1,1,0,1
judge,27,15,12,3
rivnuts,3,1,2,-1
hyperactive,1,0,1,-1
tdimotors,1,0,1,-1
shattering,1,1,0,1
referrer,1,0,1,-1
fruit,18,4,14,-10
nyt,2,0,2,-2
gutter,1,0,1,-1
babys,2,0,2,-2
nurse,7,6,1,5
laude,1,1,0,1
unfronately,1,1,0,1
develop,9,4,5,-1
valentine,21,13,8,5
generously,2,2,0,2
bbcb,1,0,1,-1
trifold,1,0,1,-1
twice,98,36,62,-26
billionaire,2,1,1,0
opengraph,2,2,0,2
ralmond,1,0,1,-1
yoouuy,1,1,0,1
yelly,1,1,0,1
gum,3,1,2,-1
revolution,3,2,1,1
drm,1,1,0,1
painkillers,1,1,0,1
ar,1,1,0,1
reject,2,0,2,-2
bakery,10,3,7,-4
sensing,2,0,2,-2
blissful,2,2,0,2
warning,30,9,21,-12
decision,72,18,54,-36
consulted,3,1,2,-1
worldly,2,2,0,2
adopt,50,19,31,-12
denim,19,15,4,11
alibi,1,1,0,1
blooded,1,1,0,1
dumped,10,0,10,-10
eu,3,3,0,3
cigarettes,3,3,0,3
stevie,3,2,1,1
theatrical,2,1,1,0
slimmer,1,1,0,1
infrequently,1,1,0,1
nitpicking,1,0,1,-1
ire,1,0,1,-1
purchased,10,1,9,-8
playfully,2,2,0,2
imposter,2,1,1,0
secretes,1,0,1,-1
distinct,7,1,6,-5
leapt,2,0,2,-2
misgendered,4,4,0,4
peter,22,21,1,20
arissa,5,1,4,-3
hires,8,5,3,2
returning,6,3,3,0
demoted,2,1,1,0
madeline,23,19,4,15
surrounded,12,12,0,12
acutely,3,3,0,3
shin,11,6,5,1
breathe,11,3,8,-5
pranked,1,0,1,-1
packaged,3,3,0,3
there,3082,1463,1619,-156
enjoyed,16,11,5,6
spines,1,0,1,-1
excitement,8,3,5,-2
evan,26,11,15,-4
mmmmmm,1,0,1,-1
doorbells,1,1,0,1
mmmmmmmm,1,1,0,1
iliketowatch,1,1,0,1
result,27,9,18,-9
scents,1,1,0,1
trading,1,0,1,-1
hind,1,0,1,-1
pat,5,2,3,-1
maxxfan,11,0,11,-11
sound,209,105,104,1
frolf,2,0,2,-2
perception,6,5,1,4
patio,1,1,0,1
gofundme,1,0,1,-1
bio,34,9,25,-16
edith,4,3,1,2
unopened,2,0,2,-2
closed,74,19,55,-36
smoggy,2,1,1,0
genuinely,90,30,60,-30
ogre,2,1,1,0
dove,3,2,1,1
croaked,1,1,0,1
tanning,5,4,1,3
build,101,40,61,-21
symbolize,2,2,0,2
convincingly,1,0,1,-1
tissues,1,0,1,-1
lululesbian,1,0,1,-1
nano,2,0,2,-2
vie,2,2,0,2
balls,14,5,9,-4
tagalong,1,1,0,1
bedsheet,1,1,0,1
aggravating,2,1,1,0
corkscrew,1,1,0,1
falling,40,13,27,-14
booksmart,1,1,0,1
antonoff,3,1,2,-1
disorienting,5,1,4,-3
arborist,1,0,1,-1
kit,25,6,19,-13
attentive,2,0,2,-2
thrift,5,3,2,1
shakiness,1,1,0,1
caf,304,96,208,-112
lmkhffutadr,1,0,1,-1
hr,29,19,10,9
cripplingly,1,1,0,1
hardens,2,1,1,0
never,1446,518,928,-410
feud,4,2,2,0
clocked,7,4,3,1
ringing,2,1,1,0
public,70,28,42,-14
throughout,14,3,11,-8
franchise,4,3,1,2
kyra,2,0,2,-2
a,21817,9875,11942,-2067
thriving,6,0,6,-6
entirely,102,21,81,-60
sells,8,3,5,-2
cropping,3,0,3,-3
audibly,1,0,1,-1
alamo,3,1,2,-1
theaters,20,10,10,0
causes,9,4,5,-1
breeds,12,3,9,-6
poles,3,0,3,-3
threatens,1,1,0,1
gaps,4,3,1,2
wireless,8,6,2,4
awg,10,4,6,-2
trap,25,11,14,-3
although,34,0,34,-34
fever,12,10,2,8
differently,30,8,22,-14
staggered,1,1,0,1
bull,9,1,8,-7
films,4,3,1,2
fail,16,3,13,-10
breaths,2,0,2,-2
bdde,1,0,1,-1
bringing,52,10,42,-32
molds,1,0,1,-1
logic,9,4,5,-1
alynda,1,1,0,1
relationship,249,191,58,133
cdba,1,1,0,1
explorist,4,0,4,-4
italian,9,6,3,3
cabela's,2,0,2,-2
craziest,35,15,20,-5
somebody,9,1,8,-7
confuse,15,6,9,-3
hemisphere,1,1,0,1
burden,17,7,10,-3
computer,44,13,31,-18
heals,1,1,0,1
sketchiest,1,1,0,1
pilgrimage,1,1,0,1
equated,1,1,0,1
vetoed,1,0,1,-1
define,10,4,6,-2
but,12345,4988,7357,-2369
peel,3,2,1,1
filter,13,2,11,-9
apron,3,3,0,3
breeders,4,1,3,-2
negativity,2,2,0,2
unsent,13,10,3,7
yah,1,1,0,1
hmmmmmmmm,1,1,0,1
harassed,5,1,4,-3
talks,47,23,24,-1
insecurity,6,6,0,6
horribly,2,2,0,2
dipstick,7,2,5,-3
specialized,5,3,2,1
busiest,3,0,3,-3
reminders,6,2,4,-2
hesitations,4,0,4,-4
servers,1,0,1,-1
poofy,3,2,1,1
budget,41,10,31,-21
antibiotic,2,1,1,0
purposefully,1,0,1,-1
winky,2,0,2,-2
equipped,7,3,4,-1
thirds,1,1,0,1
its,374,276,98,178
theira,1,1,0,1
colliding,1,1,0,1
cry,73,29,44,-15
hooves,1,0,1,-1
pamphlets,1,0,1,-1
vihjailla,1,1,0,1
press,16,8,8,0
puppet,3,2,1,1
sara,5,1,4,-3
riggs,1,0,1,-1
baee,1,1,0,1
drastic,3,2,1,1
misunderstood,2,1,1,0
meaningful,7,5,2,3
brighter,3,1,2,-1
cut,179,72,107,-35
nyc,6,4,2,2
metrics,3,1,2,-1
post,133,59,74,-15
conspiracy,11,7,4,3
interpreting,3,2,1,1
gymnast,1,0,1,-1
lasagna,3,2,1,1
nominations,2,2,0,2
regained,1,1,0,1
recommending,6,3,3,0
repulse,1,1,0,1
runner,12,4,8,-4
racket,1,1,0,1
subscribe,3,3,0,3
lack,23,9,14,-5
smearing,1,0,1,-1
unliking,1,1,0,1
adaptive,1,0,1,-1
malfunctioned,1,0,1,-1
rearranged,1,0,1,-1
seduce,2,2,0,2
conceited,1,0,1,-1
le,2,2,0,2
playdate,5,2,3,-1
trailers,5,2,3,-1
sarcastic,3,1,2,-1
estrogens,1,1,0,1
dongle,2,0,2,-2
nonchalant,2,0,2,-2
exclusionary,2,0,2,-2
paula,1,0,1,-1
imagination,7,5,2,3
panic,28,10,18,-8
roxxy,46,38,8,30
xjiveturkeyx,1,0,1,-1
parenthesis,2,2,0,2
pajamas,8,6,2,4
farmersonly,1,1,0,1
slow,86,24,62,-38
malicious,4,3,1,2
strange,26,17,9,8
warms,4,4,0,4
pondered,1,0,1,-1
attachment,66,64,2,62
bddf,1,0,1,-1
poking,12,4,8,-4
cop,10,4,6,-2
amounts,12,4,8,-4
vast,1,0,1,-1
mil,8,4,4,0
huilding,1,1,0,1
atts,2,0,2,-2
smoked,3,2,1,1
towny,1,1,0,1
richer,1,1,0,1
protective,4,3,1,2
limp,2,1,1,0
unclear,16,6,10,-4
tallest,3,1,2,-1
crid,1,0,1,-1
fishes,1,0,1,-1
cirques,4,4,0,4
heck,12,11,1,10
destroys,1,1,0,1
cheesing,1,1,0,1
pony,3,1,2,-1
squirt,1,0,1,-1
transvoicelessonsin,1,1,0,1
downs,5,2,3,-1
chubby,1,0,1,-1
cycling,10,8,2,6
congrats,10,3,7,-4
traveler,2,2,0,2
spans,1,0,1,-1
curios,1,1,0,1
mulan,1,1,0,1
accessory,4,3,1,2
karmas,1,1,0,1
fuji,2,2,0,2
inexperienced,2,0,2,-2
tits,2,1,1,0
appartement,1,1,0,1
autumn,7,1,6,-5
infidelity,2,2,0,2
smartsolar,8,0,8,-8
ageee,2,1,1,0
piercings,6,4,2,2
observational,6,3,3,0
caption,7,2,5,-3
combat,4,2,2,0
aligns,2,0,2,-2
mesmerized,1,0,1,-1
drawings,13,9,4,5
sillly,1,1,0,1
slats,6,1,5,-4
empathy,7,3,4,-1
beanie,1,1,0,1
stfu,1,1,0,1
teach,76,19,57,-38
climb,442,143,299,-156
sentence,54,13,41,-28
spontaneously,3,0,3,-3
irish,2,1,1,0
bedding,2,0,2,-2
typically,16,10,6,4
sincerely,1,0,1,-1
toothpaste,4,3,1,2
gall,1,1,0,1
legends,3,3,0,3
fiendishly,2,2,0,2
kissed,19,8,11,-3
nectarine,1,1,0,1
childhoodtrauma,1,0,1,-1
chainsaw,1,0,1,-1
poc,1,1,0,1
patrol,1,0,1,-1
resisted,1,1,0,1
theatre,1,0,1,-1
raced,1,1,0,1
entrapment,1,1,0,1
endgame,2,2,0,2
burn,9,4,5,-1
everyday,9,8,1,7
thousands,17,9,8,1
household,18,9,9,0
republicans,1,1,0,1
cyproterone,1,1,0,1
stopwatch,2,0,2,-2
partake,1,1,0,1
cade,31,26,5,21
danielle,2,2,0,2
sanctuary,2,2,0,2
nemeses,2,0,2,-2
outisde,1,1,0,1
rachel,21,13,8,5
reeces,1,0,1,-1
enjoys,2,1,1,0
herbs,2,1,1,0
chip,1,0,1,-1
structured,8,4,4,0
inventory,2,0,2,-2
console,2,1,1,0
polar,5,3,2,1
maxibus,2,0,2,-2
controversial,27,22,5,17
whiny,7,3,4,-1
one,4904,1932,2972,-1040
seeking,3,0,3,-3
headaches,3,2,1,1
dogaccessories,1,0,1,-1
imperceptible,1,1,0,1
piercing,9,6,3,3
rang,2,0,2,-2
bfdd,1,1,0,1
nancy,2,2,0,2
prolongs,1,0,1,-1
expensiveboulders,1,1,0,1
before,877,397,480,-83
vertical,21,11,10,1
nguyen,1,0,1,-1
awwww,23,22,1,21
riam,1,0,1,-1
dinos,1,0,1,-1
impaired,1,0,1,-1
origin,6,6,0,6
abbc,2,2,0,2
ryan,2189,668,1521,-853
seen,375,185,190,-5
evidence,35,18,17,1
mashup,6,1,5,-4
mooniversary,2,0,2,-2
septemeberish,1,1,0,1
heat,22,13,9,4
shades,3,0,3,-3
montana,4,1,3,-2
viewing,7,1,6,-5
cisgender,4,4,0,4
meds,36,15,21,-6
fiddler,2,0,2,-2
reminiscing,2,1,1,0
unpushed,1,0,1,-1
marsala,3,0,3,-3
leggings,54,24,30,-6
changed,157,73,84,-11
mustache,10,5,5,0
electrician,3,1,2,-1
oldness,1,1,0,1
demisexual,2,1,1,0
famously,8,1,7,-6
negotiated,1,1,0,1
disable,1,1,0,1
platonic,10,4,6,-2
uncited,1,1,0,1
vicariously,2,1,1,0
robin,2,1,1,0
dictates,1,0,1,-1
processor,4,0,4,-4
sentimental,4,2,2,0
foundational,1,0,1,-1
appropriation,3,1,2,-1
outset,1,1,0,1
lug,2,2,0,2
science,69,40,29,11
pushier,1,0,1,-1
climbergirls,2,2,0,2
documented,4,3,1,2
embark,1,0,1,-1
mama,1,0,1,-1
attentively,1,0,1,-1
levels,69,25,44,-19
nobody,195,8,187,-179
money's,1,0,1,-1
pitching,8,0,8,-8
archetypes,1,1,0,1
uhh,11,10,1,9
textbook,4,1,3,-2
coding,1,0,1,-1
psalm,1,1,0,1
ignoring,28,6,22,-16
flat,56,18,38,-20
required,30,12,18,-6
prisony,2,1,1,0
sourdough,1,0,1,-1
painting,37,23,14,9
intention,13,8,5,3
zzz,1,0,1,-1
acre,1,1,0,1
eaten,12,1,11,-10
bless,2,2,0,2
headache,14,5,9,-4
bangers,5,4,1,3
bosses,4,3,1,2
va,4,1,3,-2
medium,137,45,92,-47
weimaraner,1,0,1,-1
amend,2,0,2,-2
senfeild,1,0,1,-1
dogdad,1,0,1,-1
could,1821,639,1182,-543
grandest,1,1,0,1
scathing,1,0,1,-1
succumb,3,2,1,1
polo,2,1,1,0
problem,381,130,251,-121
acronyms,1,0,1,-1
acceptance,3,2,1,1
caden,4,3,1,2
squid,1,1,0,1
corrosion,1,0,1,-1
horse,38,14,24,-10
squirming,2,1,1,0
glossier,2,0,2,-2
service,56,16,40,-24
eesla,1,1,0,1
drones,1,0,1,-1
ornithologists,1,1,0,1
conveniently,3,0,3,-3
roosevelt,1,0,1,-1
bouldery,1,0,1,-1
tread,2,0,2,-2
swift's,1,0,1,-1
whose,28,4,24,-20
wuah,1,1,0,1
unlikely,29,18,11,7
emerging,2,1,1,0
jam,9,7,2,5
mixup,1,0,1,-1
cabinet,15,9,6,3
wifi,9,3,6,-3
sweating,8,7,1,6
another,318,143,175,-32
speed,40,17,23,-6
someones,3,2,1,1
cumulative,1,0,1,-1
event,31,5,26,-21
fence,29,11,18,-7
foods,19,11,8,3
trex,5,2,3,-1
assumption,19,3,16,-13
skew,1,0,1,-1
stoke,1,1,0,1
goodwill,17,10,7,3
retriever,7,5,2,3
extremism,1,1,0,1
bat,15,2,13,-11
primers,1,0,1,-1
accordingly,5,1,4,-3
canvas,2,1,1,0
terf,11,9,2,7
bedford,3,0,3,-3
museum,1,0,1,-1
tattle,2,0,2,-2
selves,1,0,1,-1
in,9925,4236,5689,-1453
calvies,1,0,1,-1
domesticated,1,1,0,1
tuned,7,4,3,1
mathematically,1,1,0,1
registering,1,0,1,-1
flats,1,1,0,1
performed,3,3,0,3
winners,4,2,2,0
swipe,10,1,9,-8
weeaboo,1,1,0,1
uniting,2,0,2,-2
terrier,2,0,2,-2
necklace,15,11,4,7
interstellar,3,1,2,-1
m,5066,2308,2758,-450
giving,115,32,83,-51
ad,27,6,21,-15
architecture,2,2,0,2
heretic,2,2,0,2
gumbies,1,0,1,-1
partners,21,15,6,9
mina,4,2,2,0
unflattering,1,1,0,1
rushing,2,0,2,-2
masterpiece,1,1,0,1
pry,2,1,1,0
docs,4,4,0,4
sirs,1,0,1,-1
superman,4,0,4,-4
basewear,3,0,3,-3
w,27,14,13,1
shots,6,2,4,-2
relating,6,6,0,6
bent,4,1,3,-2
unbearable,2,1,1,0
saled,1,1,0,1
affected,7,3,4,-1
gays,13,8,5,3
ohyeahspeedholes,1,1,0,1
citizenship,1,1,0,1
pours,2,1,1,0
quitter,1,0,1,-1
mabel,5,2,3,-1
androline,1,0,1,-1
cultural,2,0,2,-2
weapon,2,1,1,0
wetsuits,2,1,1,0
contemplating,6,1,5,-4
profound,3,2,1,1
necklines,1,1,0,1
coworker,40,13,27,-14
below,35,5,30,-25
quarantine,1,0,1,-1
trainable,4,2,2,0
reopened,1,0,1,-1
circles,11,5,6,-1
tandem,3,0,3,-3
marg,1,0,1,-1
gizmo,1,1,0,1
slapped,1,1,0,1
acceptable,12,7,5,2
leaking,15,8,7,1
office,48,26,22,4
oncologist,1,1,0,1
stud,12,10,2,8
woodorking,1,1,0,1
nova,10,4,6,-2
sauna,2,1,1,0
anime,4,2,2,0
ceiling,42,17,25,-8
shilshole,1,1,0,1
highballing,1,0,1,-1
sabella,3,3,0,3
needles,1,0,1,-1
antigens,6,2,4,-2
rwd,1,0,1,-1
fatal,4,1,3,-2
ztrvbhxxw,1,0,1,-1
hvpos,1,0,1,-1
hammock,2,0,2,-2
align,6,0,6,-6
revised,1,0,1,-1
fractures,1,0,1,-1
strong,119,58,61,-3
strolls,2,0,2,-2
indulge,8,7,1,6
lidm,4,4,0,4
disturb,2,0,2,-2
helmet,3,0,3,-3
rrtxq,1,0,1,-1
switch,103,45,58,-13
inducting,1,0,1,-1
val,3,3,0,3
nine,6,2,4,-2
repeater,1,1,0,1
salesman,4,0,4,-4
tutorial,3,2,1,1
climbingworldwide,1,0,1,-1
apologized,6,0,6,-6
soooooo,10,7,3,4
expose,7,4,3,1
smelled,9,3,6,-3
edea,1,1,0,1
bigoted,8,7,1,6
atc,3,3,0,3
switching,26,9,17,-8
forerun,21,5,16,-11
funnel,1,0,1,-1
laws,3,0,3,-3
spongebob,1,1,0,1
tattooed,4,4,0,4
triangular,1,1,0,1
transfer,10,6,4,2
satisfy,2,1,1,0
freak,24,16,8,8
stick,74,31,43,-12
plywood,19,11,8,3
varying,3,2,1,1
unassigned,1,0,1,-1
overland,1,0,1,-1
yeppppp,3,3,0,3
glasses,78,33,45,-12
anna,27,13,14,-1
outliers,3,2,1,1
throwing,25,7,18,-11
teaches,2,0,2,-2
warmup,6,4,2,2
unsimilar,1,1,0,1
wallet,22,17,5,12
rubbed,2,0,2,-2
pickles,20,11,9,2
gummies,1,0,1,-1
wander,10,3,7,-4
jessica,13,4,9,-5
medical,35,22,13,9
inconclusive,4,3,1,2
for,9485,4242,5243,-1001
resisting,2,2,0,2
climbingtiktok,4,0,4,-4
ellymcclane,1,1,0,1
grabbing,8,4,4,0
mutation,1,1,0,1
cocaine,5,3,2,1
invest,4,1,3,-2
medicating,1,1,0,1
debates,3,3,0,3
accidental,6,3,3,0
depressed,28,15,13,2
affecting,4,4,0,4
rudeness,1,0,1,-1
cocoa,4,0,4,-4
patches,4,3,1,2
serpents,1,1,0,1
intermediate,7,1,6,-5
hates,138,54,84,-30
unconditional,2,2,0,2
disease,10,7,3,4
accd,2,1,1,0
anonymity,1,1,0,1
myths,2,1,1,0
apart,43,24,19,5
stark,1,0,1,-1
tolerances,1,1,0,1
cj,1,1,0,1
cyclists,1,0,1,-1
rightly,1,0,1,-1
without,493,162,331,-169
rusty,4,1,3,-2
tokyo,4,2,2,0
masculinity,2,2,0,2
reindeers,1,1,0,1
bendy,1,0,1,-1
depot,30,16,14,2
revivo,4,4,0,4
biting,10,2,8,-6
perpetuate,1,1,0,1
bigotry,5,4,1,3
derailment,1,0,1,-1
crummy,1,1,0,1
triple,16,7,9,-2
stoggles,9,3,6,-3
feedback,26,5,21,-16
rebooted,1,1,0,1
legal,15,7,8,-1
hahahah,19,19,0,19
undone,3,0,3,-3
just,7108,2538,4570,-2032
cured,5,1,4,-3
bangs,15,10,5,5
bonuses,2,0,2,-2
contemplate,1,0,1,-1
mostly,329,179,150,29
vers,1,1,0,1
responders,1,0,1,-1
inaccurate,2,0,2,-2
lever,2,0,2,-2
communicating,9,7,2,5
mondays,5,0,5,-5
mansplaining,3,1,2,-1
declare,3,3,0,3
iron,17,8,9,-1
faked,4,1,3,-2
gerbils,5,3,2,1
therapist,27,22,5,17
hairier,2,2,0,2
pd,2,0,2,-2
debatable,2,0,2,-2
inc,1,1,0,1
faithless,1,1,0,1
backstory,6,3,3,0
scrubbing,8,1,7,-6
wiggly,2,0,2,-2
boxes,17,8,9,-1
vw,56,13,43,-30
treatments,2,1,1,0
polaroid,1,1,0,1
brooke,1,0,1,-1
avid,1,1,0,1
inherent,1,1,0,1
forfeited,1,0,1,-1
triangles,1,0,1,-1
sperm,4,0,4,-4
tango,2,0,2,-2
renewed,4,2,2,0
perceive,2,1,1,0
comical,7,2,5,-3
audition,3,1,2,-1
allergy,4,1,3,-2
drowning,1,0,1,-1
heartbreak,4,3,1,2
nelson,5,1,4,-3
overstepping,1,0,1,-1
chastity,5,3,2,1
inspecting,2,0,2,-2
midnightsmayhem,1,0,1,-1
americanbussales,2,2,0,2
alternating,3,1,2,-1
concretecrotchkiss,1,0,1,-1
sunset,1,1,0,1
mallary,1,0,1,-1
exercising,7,4,3,1
the,29952,11053,18899,-7846
spackling,1,0,1,-1
worse,276,112,164,-52
against,161,76,85,-9
spending,44,19,25,-6
emma,8,4,4,0
muffin,2,0,2,-2
dye,6,3,3,0
rough,37,29,8,21
elastane,1,0,1,-1
dbed,1,1,0,1
hang,268,76,192,-116
teammate,2,0,2,-2
armstrongs,1,1,0,1
tuff,2,1,1,0
quits,6,3,3,0
raff,1,1,0,1
teeny,1,0,1,-1
single,309,119,190,-71
inflated,1,0,1,-1
vinyl,15,6,9,-3
widest,1,1,0,1
friendly,26,12,14,-2
reintroduction,1,0,1,-1
undramatic,1,1,0,1
argumentative,1,1,0,1
wagon,5,0,5,-5
cleaningness,1,1,0,1
deals,7,4,3,1
recognition,4,2,2,0
original,59,33,26,7
flour,5,0,5,-5
hiccups,6,1,5,-4
slowest,3,1,2,-1
snohomish,1,0,1,-1
analog,1,0,1,-1
corners,4,1,3,-2
dance,17,11,6,5
po,2,0,2,-2
abracadabra,1,1,0,1
sandbagged,3,0,3,-3
health,60,33,27,6
subject,40,18,22,-4
soldier,2,2,0,2
selleck,1,1,0,1
accounting,2,1,1,0
excommunicated,1,1,0,1
claims,25,16,9,7
extraordinarily,3,2,1,1
edit,14,10,4,6
stan,282,70,212,-142
intently,1,1,0,1
mildly,8,6,2,4
lines,30,11,19,-8
tides,1,1,0,1
talkative,1,1,0,1
fixies,1,0,1,-1
faucet,2,1,1,0
vanlifeoutfitters,3,0,3,-3
objectively,44,18,26,-8
attitude,34,12,22,-10
bozeman,1,1,0,1
sip,3,3,0,3
dip,3,3,0,3
approximate,5,2,3,-1
heterosexuals,4,4,0,4
tide,1,0,1,-1
dalliance,1,1,0,1
safe,62,43,19,24
yogurt,12,4,8,-4
crosswords,2,1,1,0
dalai,2,1,1,0
cult,9,5,4,1
prosthetic,1,1,0,1
chilling,5,2,3,-1
primer,6,3,3,0
matured,1,1,0,1
advocate,7,6,1,5
cardiovascular,1,0,1,-1
wrencher,1,0,1,-1
lout,1,1,0,1
malory,1,1,0,1
evenly,2,0,2,-2
summarized,2,2,0,2
bfad,1,1,0,1
grumble,4,0,4,-4
upstate,1,0,1,-1
castles,1,0,1,-1
pregnancy,11,1,10,-9
saga,4,2,2,0
trashy,1,1,0,1
unknowingly,2,1,1,0
bmj,1,1,0,1
objectives,2,2,0,2
compile,1,1,0,1
helpful,62,31,31,0
flipping,2,1,1,0
adele,280,70,210,-140
inquiries,1,1,0,1
price,135,65,70,-5
pondering,1,0,1,-1
funniest,24,10,14,-4
mega,17,15,2,13
bracelets,2,0,2,-2
shaft,3,3,0,3
wallets,1,1,0,1
pedophile,1,0,1,-1
diamonds,4,1,3,-2
mk,1,0,1,-1
volumes,24,8,16,-8
kala,4,0,4,-4
manny,1,1,0,1
thirty,3,0,3,-3
trixiemattel,1,1,0,1
ths,2,2,0,2
damp,6,2,4,-2
jingle,1,1,0,1
confront,8,2,6,-4
bang,1,0,1,-1
powerful,12,8,4,4
walked,144,49,95,-46
temperatures,2,1,1,0
innocence,2,2,0,2
poisoning,3,0,3,-3
guarding,3,0,3,-3
poetry,19,13,6,7
orchestrated,1,1,0,1
specifially,4,4,0,4
havent,4,2,2,0
workplace,10,3,7,-4
boulderingbabes,1,0,1,-1
bottle,53,28,25,3
musically,4,2,2,0
average,98,43,55,-12
cynical,3,2,1,1
stocky,1,0,1,-1
retreat,2,2,0,2
melting,1,1,0,1
outing,6,1,5,-4
chromosome,2,0,2,-2
downloads,4,3,1,2
chan,2,0,2,-2
buddies,2,0,2,-2
cloned,1,1,0,1
capacity,23,15,8,7
gm,3,3,0,3
substitution,4,3,1,2
sammy,4,1,3,-2
tall,135,54,81,-27
cdef,1,1,0,1
cfab,1,0,1,-1
crybaby,1,1,0,1
saved,23,10,13,-3
gist,7,0,7,-7
midnite,7,3,4,-1
cage,21,5,16,-11
sawstop,3,3,0,3
smelly,2,1,1,0
defecto,1,1,0,1
tricked,7,2,5,-3
disqualified,3,3,0,3
unsuccessful,1,0,1,-1
audiobooks,11,5,6,-1
thign,1,0,1,-1
incredible,10,6,4,2
reciprocation,3,3,0,3
embellish,1,1,0,1
street,50,20,30,-10
snapped,10,5,5,0
alta,1,0,1,-1
chant,1,0,1,-1
scans,6,5,1,4
wuaaah,2,2,0,2
refuses,8,3,5,-2
stretchy,2,0,2,-2
market,20,11,9,2
coached,6,3,3,0
runaround,1,1,0,1
cults,2,1,1,0
clingy,3,3,0,3
coasting,1,1,0,1
comforting,6,4,2,2
sniffs,2,0,2,-2
exercisey,1,0,1,-1
long,914,365,549,-184
alexis,3,2,1,1
inconsistencies,1,1,0,1
subtly,9,2,7,-5
leavworth,1,1,0,1
ingraham,1,0,1,-1
titanium,4,1,3,-2
exploring,4,2,2,0
ohsu,2,0,2,-2
matters,35,16,19,-3
ezmay,5,4,1,3
beeping,7,3,4,-1
caveat,4,1,3,-2
depiction,2,1,1,0
hourly,6,3,3,0
renters,1,1,0,1
joins,3,1,2,-1
timeframe,4,4,0,4
skill,18,3,15,-12
completing,2,0,2,-2
trumpet,2,2,0,2
worker,6,5,1,4
gemma,7,5,2,3
lumber,1,1,0,1
tries,61,19,42,-23
stains,1,0,1,-1
clunking,1,0,1,-1
cliff,1,0,1,-1
pixel,1,1,0,1
marking,3,3,0,3
karaoke,2,0,2,-2
freaks,10,10,0,10
blandest,1,0,1,-1
sirens,1,0,1,-1
cigar,1,1,0,1
massage,3,2,1,1
hacks,1,1,0,1
ctp,1,0,1,-1
kindly,4,2,2,0
relistwn,1,1,0,1
sympathetic,10,5,5,0
cuuuuuute,1,1,0,1
messed,65,59,6,53
harrison,5,5,0,5
complaints,37,13,24,-11
ecfc,1,1,0,1
misunderstanding,3,2,1,1
spouse,3,1,2,-1
administered,1,0,1,-1
installations,1,0,1,-1
dealers,2,2,0,2
stalks,1,0,1,-1
microaggression,1,0,1,-1
trackpad,1,1,0,1
hass,1,0,1,-1
depends,57,22,35,-13
xxy,1,0,1,-1
pcid,1,0,1,-1
nationality,1,1,0,1
pits,1,0,1,-1
reesees,1,0,1,-1
chore,11,2,9,-7
critique,7,3,4,-1
member,60,21,39,-18
corded,3,1,2,-1
myles,4,1,3,-2
wet,46,14,32,-18
gathered,2,2,0,2
betrayed,2,1,1,0
crashpads,1,0,1,-1
tabouret,3,1,2,-1
bradley,1,0,1,-1
benz,28,0,28,-28
social,46,40,6,34
intercepting,1,0,1,-1
skip,39,13,26,-13
tech,20,13,7,6
members,50,15,35,-20
drumming,1,1,0,1
comtinue,1,1,0,1
margin,7,3,4,-1
yesssssss,1,1,0,1
marine,9,4,5,-1
xr,2,0,2,-2
nature,18,10,8,2
relieved,9,5,4,1
suv,7,0,7,-7
psychiatrists,2,1,1,0
crazier,14,10,4,6
fm,5,4,1,3
peeling,2,1,1,0
friendships,3,1,2,-1
someday,3,0,3,-3
superglued,2,2,0,2
ateong,1,1,0,1
comfy,22,6,16,-10
near,92,14,78,-64
haleyybaylee,2,2,0,2
surrounds,1,1,0,1
karen,1,1,0,1
nugent,2,1,1,0
jasmin,3,0,3,-3
lays,8,0,8,-8
collective,6,0,6,-6
sanguine,1,1,0,1
synapse,6,0,6,-6
groveling,1,0,1,-1
spoil,6,5,1,4
promotional,1,0,1,-1
skinnier,2,1,1,0
easy,343,136,207,-71
mls,5,3,2,1
canal,1,1,0,1
evaluate,1,1,0,1
rabies,1,0,1,-1
gap,28,12,16,-4
parted,2,2,0,2
intermittently,1,1,0,1
rejoice,1,0,1,-1
decreasing,4,1,3,-2
natives,1,0,1,-1
toddler,6,0,6,-6
uplfit,2,1,1,0
heaviest,2,1,1,0
shared,39,13,26,-13
maitenence,1,1,0,1
bebe,1,0,1,-1
crag,3,1,2,-1
whats,4,4,0,4
payment,26,4,22,-18
occupy,2,1,1,0
tank,68,22,46,-24
vile,1,1,0,1
striptease,1,1,0,1
comeback,3,2,1,1
briosities,1,0,1,-1
chemical,11,5,6,-1
assess,5,1,4,-3
rodent,1,1,0,1
sasquatch,4,1,3,-2
pukey,3,3,0,3
reviewing,6,3,3,0
emergencies,2,0,2,-2
odo,1,1,0,1
scolding,3,0,3,-3
ethic,1,0,1,-1
tuckers,43,42,1,41
picaso,1,1,0,1
fingernail,2,2,0,2
exaggeration,3,2,1,1
abrupt,1,0,1,-1
euthanasias,1,0,1,-1
ppl,16,16,0,16
tailored,4,2,2,0
quantity,7,1,6,-5
alwyn,1,1,0,1
pussy,2,2,0,2
ants,1,0,1,-1
hades,4,3,1,2
universe,20,10,10,0
anyways,243,2,241,-239
bee,14,11,3,8
bs,2,0,2,-2
princess,9,5,4,1
gather,1,0,1,-1
aisle,7,1,6,-5
inexplicably,1,0,1,-1
audible,15,5,10,-5
poverty,5,5,0,5
motivations,4,0,4,-4
clarified,5,1,4,-3
discussions,2,2,0,2
sucky,10,9,1,8
weary,3,3,0,3
backed,13,6,7,-1
implication,6,5,1,4
cold,64,28,36,-8
inception,5,2,3,-1
proposing,1,0,1,-1
programmer,1,1,0,1
profusely,1,1,0,1
shuttling,1,1,0,1
becu,1,0,1,-1
assign,4,2,2,0
yelling,30,11,19,-8
mens,3,3,0,3
intestinal,1,0,1,-1
possessions,2,2,0,2
shifty,1,1,0,1
squeaking,2,0,2,-2
bags,16,8,8,0
luxtreme,1,0,1,-1
either,489,184,305,-121
incorrect,2,1,1,0
bunching,2,2,0,2
briefer,1,1,0,1
quinn,1,1,0,1
cddd,1,1,0,1
glassberg,2,0,2,-2
chickpea,1,1,0,1
cohabitation,1,0,1,-1
listening,107,58,49,9
adverse,2,2,0,2
alli,5,0,5,-5
siless,2,0,2,-2
whisper,2,1,1,0
hq,3,0,3,-3
comit's,1,1,0,1
constructive,4,2,2,0
proof,33,13,20,-7
file,19,8,11,-3
occupant,1,1,0,1
induces,1,1,0,1
sassy,2,1,1,0
celebrities,7,6,1,5
tangents,3,2,1,1
theymab,1,1,0,1
trainingmontage,1,0,1,-1
bcbf,1,0,1,-1
belts,3,2,1,1
auxiliary,1,0,1,-1
collins,1,0,1,-1
reserve,3,2,1,1
fascinating,3,1,2,-1
feed,25,14,11,3
five,16,8,8,0
goooodnight,1,1,0,1
warbyparker,1,1,0,1
scoff,5,2,3,-1
bristling,2,0,2,-2
unavoidable,5,5,0,5
detecting,1,0,1,-1
lats,1,0,1,-1
specialty,5,4,1,3
diablo,8,5,3,2
shady,3,0,3,-3
gangster,1,1,0,1
descriptive,1,1,0,1
goodnight,11,10,1,9
outgrew,2,0,2,-2
bop,1,0,1,-1
ghost,11,8,3,5
goblincore,1,1,0,1
bestdogproducts,1,0,1,-1
afeb,1,0,1,-1
style,80,47,33,14
demands,2,2,0,2
overvalue,1,1,0,1
lagotto,1,1,0,1
bargain,2,1,1,0
bests,7,6,1,5
chelan,4,4,0,4
stylized,2,2,0,2
enhanced,1,1,0,1
latched,2,0,2,-2
tsenji,1,1,0,1
auditioning,1,0,1,-1
occupied,5,5,0,5
chews,2,0,2,-2
socialized,2,1,1,0
axis,1,0,1,-1
requiring,3,2,1,1
larger,23,7,16,-9
bind,5,1,4,-3
uncover,5,4,1,3
odor,4,2,2,0
bdad,1,1,0,1
malamute,4,1,3,-2
creekheight,1,0,1,-1
pla,4,2,2,0
regenerative,1,1,0,1
trail,15,2,13,-11
slab,10,5,5,0
withhold,3,0,3,-3
darkness,2,2,0,2
boooo,11,10,1,9
squished,6,1,5,-4
binds,1,0,1,-1
requirement,7,5,2,3
centerpiece,1,1,0,1
highest,19,7,12,-5
foreshadowing,1,0,1,-1
refined,5,5,0,5
theater,86,37,49,-12
harder,137,36,101,-65
bad,1597,802,795,7
kettlebells,1,0,1,-1
sandy,11,3,8,-5
ei,1,1,0,1
theis,1,1,0,1
killed,14,9,5,4
dafoe,3,2,1,1
men,427,211,216,-5
slowly,33,11,22,-11
gc,4,4,0,4
donkey,1,1,0,1
owned,21,4,17,-13
pv,1,0,1,-1
preserve,2,0,2,-2
alluded,2,2,0,2
segregated,1,1,0,1
runs,48,13,35,-22
frustrated,36,17,19,-2
hes,37,36,1,35
skimming,2,2,0,2
ty,65,65,0,65
metals,1,1,0,1
myra,1,0,1,-1
petg,1,1,0,1
beas,1,0,1,-1
amicably,1,0,1,-1
interspecies,1,0,1,-1
though,1148,460,688,-228
translation,4,4,0,4
calmest,1,1,0,1
relies,2,2,0,2
karma,15,9,6,3
mutual,14,5,9,-4
solar,87,15,72,-57
selflove,1,0,1,-1
works,255,144,111,33
cells,7,0,7,-7
prideofgyps,1,0,1,-1
involve,16,3,13,-10
tower,2,1,1,0
convinced,60,24,36,-12
moving,117,47,70,-23
impacting,1,0,1,-1
brownie,1,1,0,1
onesie,4,2,2,0
secretly,28,16,12,4
bl,1,0,1,-1
canonically,1,0,1,-1
avery,2,2,0,2
gulls,1,0,1,-1
smallest,13,4,9,-5
wondered,11,2,9,-7
announces,4,0,4,-4
shoot,11,7,4,3
whales,9,5,4,1
favreau,2,1,1,0
freudian,1,1,0,1
duke,1,1,0,1
bella,15,10,5,5
meme,15,9,6,3
bean,36,13,23,-10
kinds,14,10,4,6
apologize,12,5,7,-2
micro,12,11,1,10
threshold,15,2,13,-11
sent,339,136,203,-67
olympian,1,0,1,-1
luxury,5,5,0,5
door,222,73,149,-76
panicked,12,3,9,-6
personalized,5,0,5,-5
thrrr,1,1,0,1
fuckign,1,1,0,1
success,21,7,14,-7
corporations,3,2,1,1
dbaf,1,1,0,1
trailer,21,11,10,1
thx,1,1,0,1
neeks,1,0,1,-1
vent,11,0,11,-11
females,4,0,4,-4
loveablw,1,1,0,1
bike,56,22,34,-12
installation,9,2,7,-5
emmanuel,1,1,0,1
medicare,3,0,3,-3
vvt,1,0,1,-1
lottie,1,0,1,-1
contemplative,3,1,2,-1
flies,2,0,2,-2
minimums,1,0,1,-1
decrease,9,1,8,-7
cinema,10,6,4,2
tvos,2,2,0,2
motivation,18,9,9,0
gentlemanly,1,0,1,-1
exaggerating,2,0,2,-2
siobhan,40,4,36,-32
nosiness,3,0,3,-3
tnakeys,1,0,1,-1
waggin,1,0,1,-1
majority,12,3,9,-6
indulgence,1,1,0,1
crissman,2,0,2,-2
lone,1,1,0,1
follow,85,45,40,5
angled,3,3,0,3
selfcare,1,0,1,-1
snowboarding,1,1,0,1
rooms,31,11,20,-9
slammed,1,0,1,-1
imaging,1,1,0,1
hahha,1,1,0,1
tradition,4,2,2,0
misread,6,5,1,4
overtop,1,1,0,1
narrative,4,3,1,2
invented,17,6,11,-5
latino,1,0,1,-1
angle,35,16,19,-3
schoolgirl,1,1,0,1
skyrim,1,1,0,1
eggs,42,8,34,-26
jimmmmy,1,1,0,1
books,87,29,58,-29
markot,1,1,0,1
detects,2,1,1,0
cruz,2,1,1,0
beed,1,1,0,1
lemme,1,1,0,1
abnormally,4,0,4,-4
stubble,2,2,0,2
entail,1,1,0,1
scrubber,4,0,4,-4
oz,7,3,4,-1
want,2324,1116,1208,-92
snooze,1,1,0,1
pov,1,1,0,1
tex,4,1,3,-2
memos,2,1,1,0
infuriatingly,1,0,1,-1
infuriating,12,6,6,0
fuse,41,36,5,31
omelette,1,1,0,1
samples,6,1,5,-4
argued,7,3,4,-1
alarming,12,2,10,-8
western,14,4,10,-6
unclimbable,2,0,2,-2
burners,1,0,1,-1
were,1576,559,1017,-458
gaylor,1,0,1,-1
grammygate,1,0,1,-1
artists,18,13,5,8
bottles,16,9,7,2
echo,4,2,2,0
ozone,1,0,1,-1
dafb,1,1,0,1
postponement,1,0,1,-1
status,18,14,4,10
wrists,2,1,1,0
breathable,1,1,0,1
giant,44,9,35,-26
artfully,3,1,2,-1
pamphlet,2,1,1,0
cleaning,39,13,26,-13
hate,752,313,439,-126
merchandise,1,0,1,-1
fisherman,1,1,0,1
spelling,13,6,7,-1
unhoused,1,1,0,1
jhet,1,0,1,-1
woolf,1,1,0,1
badass,6,5,1,4
chillest,1,1,0,1
actual,147,40,107,-67
dot,7,1,6,-5
lows,1,1,0,1
ease,3,2,1,1
any,1090,455,635,-180
wrapping,3,2,1,1
hardboard,2,2,0,2
olga,9,2,7,-5
seamlessly,2,0,2,-2
greenie,1,1,0,1
dinosaurs,1,0,1,-1
buzzfeed,3,0,3,-3
girliest,1,1,0,1
backward,1,1,0,1
separately,31,9,22,-13
survive,18,2,16,-14
elevated,4,3,1,2
progesterone,47,29,18,11
perplexed,7,1,6,-5
unnecessarily,3,0,3,-3
scrunchy,5,0,5,-5
ram,22,4,18,-14
designs,7,6,1,5
gained,12,8,4,4
fallin,2,2,0,2
nicknames,6,3,3,0
snapchat,10,9,1,8
gpa,7,0,7,-7
milage,1,1,0,1
carlile,2,1,1,0
marcellus,1,1,0,1
table,97,50,47,3
olympe,1,1,0,1
magdelena,1,1,0,1
amongst,7,0,7,-7
etsy,15,8,7,1
rogers,24,5,19,-14
spoiler,3,2,1,1
orienting,1,1,0,1
kelp,1,0,1,-1
ourself,3,2,1,1
columns,2,0,2,-2
pther,1,1,0,1
singular,4,2,2,0
bread,14,9,5,4
holds,129,20,109,-89
thais,1,0,1,-1
songwriters,2,1,1,0
hamster,9,5,4,1
someone,738,295,443,-148
refraining,1,0,1,-1
impostor,1,1,0,1
streak,18,11,7,4
keenan,11,1,10,-9
idealized,1,1,0,1
acknowledgments,1,0,1,-1
baseball,9,3,6,-3
relieves,1,1,0,1
bossy,8,1,7,-6
uneasy,2,1,1,0
scapegoated,1,0,1,-1
eloquent,3,2,1,1
nissan,3,1,2,-1
instilled,1,1,0,1
breeder,3,1,2,-1
credits,8,3,5,-2
nickel,7,3,4,-1
off,787,335,452,-117
insulate,3,1,2,-1
justify,13,5,8,-3
disputing,1,0,1,-1
luka,12,8,4,4
micromanaged,2,1,1,0
vases,1,1,0,1
rank,21,7,14,-7
humping,1,0,1,-1
gus,5,2,3,-1
nightmares,6,5,1,4
comfortably,10,7,3,4
ohs,2,2,0,2
tulip,1,0,1,-1
chewed,3,0,3,-3
verrry,1,1,0,1
qualifying,7,6,1,5
chiffon,4,3,1,2
knock,6,3,3,0
powell,5,3,2,1
defined,14,7,7,0
divisions,1,1,0,1
testing,23,13,10,3
rac,1,0,1,-1
interruptible,1,0,1,-1
yards,1,1,0,1
pfp,4,4,0,4
venga,3,2,1,1
martens,2,1,1,0
positives,1,0,1,-1
intensive,1,1,0,1
db,1,1,0,1
ballsack,1,1,0,1
renogy's,2,0,2,-2
salmon,10,1,9,-8
awww,64,59,5,54
hungrier,1,1,0,1
transport,2,1,1,0
version,201,55,146,-91
he's,1,1,0,1
uplift,216,75,141,-66
tgirl,2,2,0,2
cades,13,13,0,13
bcfa,1,1,0,1
frankly,23,4,19,-15
compromising,2,0,2,-2
halter,3,0,3,-3
window,97,46,51,-5
stigma,2,1,1,0
ripped,9,5,4,1
greta,8,3,5,-2
misused,1,0,1,-1
scoffing,1,0,1,-1
snails,1,0,1,-1
powers,6,4,2,2
considered,64,29,35,-6
censored,3,0,3,-3
clover,3,3,0,3
sing,9,3,6,-3
philip,3,2,1,1
endure,1,1,0,1
addicting,1,1,0,1
convenient,84,22,62,-40
uploaded,1,1,0,1
six,5,1,4,-3
sickly,1,0,1,-1
sweden,6,5,1,4
ohio,4,1,3,-2
network,2,2,0,2
abcb,1,1,0,1
offer,63,27,36,-9
commitments,1,1,0,1
degenerative,1,1,0,1
keychains,1,1,0,1
letter,65,28,37,-9
overheat,1,0,1,-1
optional,19,9,10,-1
ruffled,1,0,1,-1
appointments,24,17,7,10
crust,2,0,2,-2
icel,2,1,1,0
stability,4,2,2,0
prestigious,1,1,0,1
predicament,8,3,5,-2
motion,14,11,3,8
conceded,1,0,1,-1
measured,10,7,3,4
hushdhjdjekekdjdhdhdhhdeheheudueieuehb,1,0,1,-1
confrontation,2,1,1,0
marvin,1,1,0,1
gentle,22,11,11,0
relieving,5,0,5,-5
greg,2,1,1,0
petiteascension,1,0,1,-1
aaad,1,0,1,-1
conventional,2,2,0,2
fights,17,8,9,-1
batt,1,0,1,-1
waffle,2,0,2,-2
unserious,1,1,0,1
blockage,1,1,0,1
tiffany,3,0,3,-3
matches,8,2,6,-4
big,1052,433,619,-186
offhand,1,0,1,-1
hugs,6,6,0,6
variety,13,9,4,5
roaming,1,0,1,-1
persuade,1,0,1,-1
leathers,1,0,1,-1
slightl,1,1,0,1
suspects,2,2,0,2
protested,1,0,1,-1
waited,35,11,24,-13
dbee,1,0,1,-1
incidents,2,1,1,0
duet,4,0,4,-4
gideon,5,2,3,-1
detailing,4,1,3,-2
shemale,2,2,0,2
fronted,1,1,0,1
competed,6,0,6,-6
nola,2,2,0,2
mansplained,2,1,1,0
jeremy,67,33,34,-1
reward,16,3,13,-10
apple,137,94,43,51
fleet,2,0,2,-2
choker,5,4,1,3
university,5,1,4,-3
ancestor,2,2,0,2
vaguely,20,8,12,-4
clicker,15,1,14,-13
reductive,1,1,0,1
acda,1,0,1,-1
sok,3,0,3,-3
insult,8,5,3,2
luck,27,13,14,-1
redness,1,1,0,1
brilliantly,1,1,0,1
waeschle,1,1,0,1
competitions,4,3,1,2
kickballdad,1,0,1,-1
auntie,5,5,0,5
susan,1,0,1,-1
src,1,0,1,-1
netherlands,5,2,3,-1
elite,2,2,0,2
addict,3,1,2,-1
eerie,3,3,0,3
spun,4,0,4,-4
barnes,3,0,3,-3
spout,1,0,1,-1
copying,9,4,5,-1
waaahh,1,1,0,1
rubbery,3,0,3,-3
you'll,6,3,3,0
refering,1,1,0,1
dented,1,1,0,1
quintessential,1,0,1,-1
continues,9,7,2,5
pasture,2,0,2,-2
along,110,36,74,-38
stage,41,8,33,-25
lex,9,4,5,-1
sexier,2,2,0,2
handholding,1,1,0,1
stinging,1,1,0,1
midnight,30,19,11,8
noodles,3,0,3,-3
joel,1,0,1,-1
clmbng,1,1,0,1
bolt,25,15,10,5
destination,2,0,2,-2
serves,2,2,0,2
spike,3,1,2,-1
secures,1,1,0,1
emme,1,1,0,1
admirable,1,1,0,1
autogynephilia,1,1,0,1
nightly,2,2,0,2
pacifism,1,1,0,1
crouching,1,0,1,-1
shklem,1,1,0,1
knowledge,30,12,18,-6
camille,8,1,7,-6
dilute,1,0,1,-1
ips,3,3,0,3
herrington,5,0,5,-5
outback,3,0,3,-3
thermostats,1,0,1,-1
planner,7,5,2,3
perform,5,2,3,-1
beating,6,6,0,6
minivan,3,0,3,-3
policy,27,9,18,-9
citizen,2,1,1,0
betters,1,1,0,1
textile,1,1,0,1
modern,27,24,3,21
relying,2,1,1,0
continuously,1,1,0,1
periodically,4,1,3,-2
ubers,2,1,1,0
marks,2,2,0,2
beab,1,0,1,-1
pyrenees,1,0,1,-1
calibrated,1,0,1,-1
pax,1,0,1,-1
assurance,1,1,0,1
older,65,28,37,-9
readdress,1,1,0,1
violetstanza,3,0,3,-3
ross,6,3,3,0
maddening,2,1,1,0
blocked,16,6,10,-4
fiances,8,0,8,-8
reveal,18,9,9,0
rail,27,6,21,-15
neck,47,15,32,-17
preschool,5,0,5,-5
folklore,22,0,22,-22
tinyterriertyranny,1,0,1,-1
rappers,3,3,0,3
whelp,1,1,0,1
trick,71,29,42,-13
set,479,112,367,-255
ay,1,1,0,1
ptp,1,1,0,1
trampoline,1,1,0,1
ducking,2,2,0,2
duo,3,2,1,1
cuba,2,0,2,-2
trim,19,6,13,-7
drives,27,9,18,-9
covids,1,0,1,-1
scoring,1,1,0,1
exchanging,1,0,1,-1
sandwich,10,3,7,-4
sessions,18,8,10,-2
idgaf,1,1,0,1
argument,94,59,35,24
inflection,4,2,2,0
awwwwwwww,1,1,0,1
drago,3,2,1,1
samurai,1,1,0,1
proximity,4,3,1,2
taller,14,7,7,0
irwin,3,0,3,-3
brainstorm,4,0,4,-4
peeve,6,1,5,-4
stevemadden,2,2,0,2
periods,12,8,4,4
each,412,117,295,-178
towns,2,1,1,0
anthem,1,0,1,-1
yyyes,1,1,0,1
korean,4,1,3,-2
gendron,3,3,0,3
drapes,1,0,1,-1
acquire,11,9,2,7
vested,1,1,0,1
multiplying,1,0,1,-1
taiwan,2,2,0,2
retract,1,0,1,-1
coaxed,1,0,1,-1
pops,2,0,2,-2
clue,25,6,19,-13
puffy,13,6,7,-1
tiktoks,5,0,5,-5
void,4,4,0,4
oq,1,1,0,1
kaur,4,2,2,0
emt,5,3,2,1
gem,3,3,0,3
vandalizing,1,1,0,1
setlist,1,1,0,1
subtlety,1,1,0,1
poses,3,2,1,1
okones,5,0,5,-5
claus,1,0,1,-1
pigment,3,0,3,-3
unmarried,1,1,0,1
davis,1,1,0,1
pedro,9,2,7,-5
tact,2,1,1,0
reviews,61,28,33,-5
checker,1,0,1,-1
punishment,6,2,4,-2
modular,4,0,4,-4
hotline,1,1,0,1
platforms,4,1,3,-2
revenge,7,2,5,-3
flu,8,1,7,-6
txt,1,1,0,1
refill,17,12,5,7
perse,1,0,1,-1
damages,1,0,1,-1
photographer,5,5,0,5
bullyable,2,0,2,-2
spooky,54,8,46,-38
thermostat,18,3,15,-12
irreparably,1,0,1,-1
regretted,9,6,3,3
exes,4,4,0,4
conscious,30,17,13,4
puke,5,3,2,1
elizabeth,7,3,4,-1
arrival,7,2,5,-3
earns,3,2,1,1
sidebar,1,1,0,1
gods,11,10,1,9
emotions,25,22,3,19
swallow,8,5,3,2
cushioned,1,0,1,-1
sends,39,12,27,-15
generationalhealing,1,0,1,-1
espar,3,0,3,-3
heartless,2,2,0,2
tones,4,2,2,0
nip,1,0,1,-1
mia,97,45,52,-7
bugged,1,0,1,-1
hour,244,76,168,-92
defied,1,0,1,-1
approach,36,18,18,0
stops,23,16,7,9
biologist,3,2,1,1
frisbee,7,0,7,-7
yum,6,0,6,-6
ilsa,1,1,0,1
guestrecorded,1,1,0,1
quoting,4,2,2,0
sigandg,2,2,0,2
christina,6,4,2,2
louisville,3,1,2,-1
croutons,1,1,0,1
wish,248,126,122,4
further,22,15,7,8
waterhouse,4,4,0,4
nooooooooo,1,1,0,1
openai,3,3,0,3
alternates,2,1,1,0
stormed,2,0,2,-2
loophole,5,1,4,-3
efficiently,3,1,2,-1
diamond,6,1,5,-4
repeatedly,1,1,0,1
proceeds,2,0,2,-2
station,50,24,26,-2
magically,4,0,4,-4
yoy,45,45,0,45
tag,24,10,14,-4
whahah,1,1,0,1
screenshotting,2,2,0,2
invaluable,2,2,0,2
fought,16,7,9,-2
doi,1,0,1,-1
prepackaged,1,0,1,-1
synthetic,4,4,0,4
joe,37,13,24,-11
tubular,1,0,1,-1
smallbiz,1,0,1,-1
manchild,1,0,1,-1
obviously,146,14,132,-118
egregiously,1,0,1,-1
supermodel,1,1,0,1
facetimed,5,1,4,-3
licensed,1,0,1,-1
pivots,2,0,2,-2
mandalorian,1,1,0,1
thin,30,16,14,2
manuel,2,0,2,-2
redesign,3,1,2,-1
stiffer,1,0,1,-1
menu,2,0,2,-2
deranged,1,1,0,1
forecast,4,0,4,-4
timing,27,11,16,-5
complaining,44,7,37,-30
attending,4,0,4,-4
ryans,12,6,6,0
townsend,3,1,2,-1
electric,11,4,7,-3
bully,10,6,4,2
heavily,23,4,19,-15
publisher,2,1,1,0
withheld,1,0,1,-1
jrr,1,0,1,-1
strung,1,0,1,-1
ingrown,1,1,0,1
grape,12,7,5,2
jojo,3,2,1,1
fratty,1,0,1,-1
ourselves,13,6,7,-1
colds,1,0,1,-1
brandyjo,1,0,1,-1
followers,10,4,6,-2
into,818,377,441,-64
noel,1,0,1,-1
belayed,1,1,0,1
holdouts,1,0,1,-1
postcard,3,0,3,-3
bender,3,3,0,3
slid,8,2,6,-4
racerback,1,1,0,1
plumber,4,1,3,-2
antonoffs,1,1,0,1
befor,1,0,1,-1
towels,4,0,4,-4
moody,2,1,1,0
blow,11,4,7,-3
rivalry,1,1,0,1
pinky,4,0,4,-4
teddy,1,0,1,-1
usable,4,1,3,-2
eject,1,1,0,1
raccoon,11,2,9,-7
killer,5,3,2,1
betalar,4,4,0,4
tightness,1,1,0,1
female,76,29,47,-18
coxsey,1,0,1,-1
ignore,55,15,40,-25
colloquialisms,1,1,0,1
xcode,1,1,0,1
ferret,1,1,0,1
puzzle,10,4,6,-2
overfilled,2,2,0,2
vera,2,2,0,2
powered,8,3,5,-2
restrictive,2,0,2,-2
drags,3,0,3,-3
bundles,1,1,0,1
landscapes,2,2,0,2
climbed,91,24,67,-43
advantaged,1,1,0,1
sleepwalks,1,1,0,1
debut,2,0,2,-2
chuff,1,1,0,1
lori's,2,0,2,-2
redheeler,1,0,1,-1
litter,14,3,11,-8
grow,45,24,21,3
finger,32,12,20,-8
appropriate,25,9,16,-7
dakota,1,0,1,-1
intellectualize,1,1,0,1
uhoh,2,2,0,2
redecorate,1,1,0,1
blinks,2,0,2,-2
bunk,1,1,0,1
ndri,2,1,1,0
stitched,2,0,2,-2
yep,23,14,9,5
intermingle,1,1,0,1
thetorturedpoetsdepartment,1,0,1,-1
nonstop,4,2,2,0
swifttok,4,1,3,-2
promote,3,2,1,1
prairie,2,0,2,-2
cheeky,1,0,1,-1
cooktophigh,1,1,0,1
dern,19,2,17,-15
appropriately,4,2,2,0
halfhearted,2,0,2,-2
unfair,33,20,13,7
competence,1,1,0,1
fourth,3,3,0,3
indecent,1,0,1,-1
overdue,2,2,0,2
emojis,8,3,5,-2
black,254,107,147,-40
damned,4,4,0,4
tense,11,1,10,-9
drill,55,20,35,-15
handnt,1,1,0,1
motherfuckers,1,1,0,1
romagnolo,1,1,0,1
organizational,2,0,2,-2
nights,49,27,22,5
portrayed,4,0,4,-4
sight,6,2,4,-2
inland,1,1,0,1
googled,42,22,20,2
immune,12,9,3,6
descent,1,0,1,-1
functionally,4,3,1,2
vulnerable,3,3,0,3
twisted,8,4,4,0
yearbook,1,0,1,-1
antiboyotics,1,1,0,1
offensive,16,8,8,0
empowered,1,1,0,1
lico,1,0,1,-1
dares,1,0,1,-1
penguins,6,4,2,2
nonconsenually,1,0,1,-1
mechanism,2,2,0,2
grievance,1,1,0,1
fuzzy,9,0,9,-9
calypso,1,0,1,-1
recounting,1,0,1,-1
rebrand,2,0,2,-2
struggle,9,3,6,-3
slice,7,2,5,-3
craving,8,7,1,6
honey,2,2,0,2
predatory,1,0,1,-1
tripped,5,1,4,-3
dtla,3,2,1,1
specific,171,54,117,-63
difficulties,6,1,5,-4
munchlax,2,2,0,2
outdoorvoices,1,0,1,-1
clone,3,3,0,3
thirsty,1,1,0,1
seven,3,3,0,3
deported,1,0,1,-1
barbarian,1,1,0,1
stacia,1,1,0,1
instruction,4,0,4,-4
hellos,1,1,0,1
reshoot,1,1,0,1
gosling,3,0,3,-3
sucked,19,8,11,-3
perfecting,1,1,0,1
zheanna,2,2,0,2
relevant,79,19,60,-41
cottonwood,3,2,1,1
com,644,240,404,-164
yk,1,1,0,1
michael,15,11,4,7
tryst,5,2,3,-1
awee,1,1,0,1
airpods,29,16,13,3
migrate,3,2,1,1
plans,121,56,65,-9
putty,1,0,1,-1
weeding,1,1,0,1
melanie,2,2,0,2
chances,6,1,5,-4
insisted,11,2,9,-7
goofy,5,3,2,1
stewardess,1,1,0,1
camus,2,1,1,0
bbqing,1,1,0,1
dynamically,1,0,1,-1
unbuckled,1,0,1,-1
hgb,2,2,0,2
sexualities,1,1,0,1
collabing,1,0,1,-1
cuter,18,8,10,-2
sultan,2,0,2,-2
mow,1,1,0,1
brief,10,3,7,-4
wedged,1,0,1,-1
giraffes,1,1,0,1
nouns,1,1,0,1
truth,43,32,11,21
viewership,1,0,1,-1
billboard,2,0,2,-2
uranium,1,1,0,1
abolishing,1,0,1,-1
marie,3,0,3,-3
repeating,1,0,1,-1
totals,3,2,1,1
hawaii,8,5,3,2
leases,1,0,1,-1
vanwithtim,1,1,0,1
mangione,2,1,1,0
gym's,3,0,3,-3
resonate,2,2,0,2
serious,35,21,14,7
shrunk,4,2,2,0
mando,4,4,0,4
however,30,12,18,-6
rung,1,0,1,-1
deceptive,1,0,1,-1
generated,1,0,1,-1
upside,14,3,11,-8
chatting,27,9,18,-9
carpenter,8,3,5,-2
viscerally,3,3,0,3
crankier,1,1,0,1
angelina,4,1,3,-2
faced,3,2,1,1
sheepishly,1,0,1,-1
laundry,23,15,8,7
mcnugget,2,0,2,-2
telamon,1,1,0,1
sidewalks,1,1,0,1
assembling,1,0,1,-1
lasts,6,1,5,-4
recreating,1,1,0,1
exclusion,1,0,1,-1
resole,2,1,1,0
phantom,4,1,3,-2
according,27,15,12,3
garrett,10,6,4,2
ack,1,1,0,1
fallon,1,0,1,-1
water,219,77,142,-65
apis,2,2,0,2
appealing,1,1,0,1
flattest,1,0,1,-1
gawhhh,1,1,0,1
charcoal,3,3,0,3
scan,8,3,5,-2
susceptible,3,2,1,1
scraping,3,1,2,-1
conceptually,3,3,0,3
aacf,1,0,1,-1
kaia,1,0,1,-1
hissing,4,1,3,-2
tiredness,1,1,0,1
wuahhh,1,1,0,1
esti,1,1,0,1
produces,4,4,0,4
squinted,2,0,2,-2
assignments,4,1,3,-2
parent,15,3,12,-9
drummer,2,2,0,2
spiraling,1,0,1,-1
prying,1,0,1,-1
xpel,2,0,2,-2
cheaper,70,25,45,-20
sin,1,1,0,1
local,45,36,9,27
aeed,1,1,0,1
parts,73,31,42,-11
takeaway,18,14,4,10
zathura,2,2,0,2
phobics,1,0,1,-1
relation,4,3,1,2
lengthy,5,1,4,-3
kathleen,1,0,1,-1
nightmare,26,9,17,-8
bouldering,48,17,31,-14
doubles,4,3,1,2
downsides,5,1,4,-3
bites,8,2,6,-4
flunked,1,1,0,1
startle,3,0,3,-3
bland,4,0,4,-4
liberty,1,0,1,-1
terakaia,1,0,1,-1
pawns,1,0,1,-1
target,34,6,28,-22
gruesome,2,1,1,0
violence,7,6,1,5
insistence,1,1,0,1
derailed,5,1,4,-3
ruler,1,0,1,-1
visitation,2,2,0,2
progress,44,29,15,14
bangin,1,0,1,-1
grumpy,5,1,4,-3
peeking,1,0,1,-1
frisbees,1,0,1,-1
fixture,2,1,1,0
jacket,14,7,7,0
tgirls,2,2,0,2
pinderosa,1,0,1,-1
gathers,2,0,2,-2
nic,64,42,22,20
ryder,1,1,0,1
refills,11,9,2,7
gummy,4,0,4,-4
repurchased,1,0,1,-1
fleeting,1,1,0,1
academy,5,2,3,-1
subset,1,0,1,-1
eevee,2,1,1,0
suddenly,101,21,80,-59
tasty,4,4,0,4
aversion,8,8,0,8
realm,2,0,2,-2
oly,10,8,2,6
car,575,157,418,-261
scapula,1,0,1,-1
hanz,1,0,1,-1
sunk,1,1,0,1
mineral,3,0,3,-3
pip,1,1,0,1
flirted,2,1,1,0
comfort,14,5,9,-4
foryou,5,2,3,-1
png,298,272,26,246
cvar,1,0,1,-1
jealous,58,26,32,-6
sympathize,4,4,0,4
oat,9,2,7,-5
doordash,2,2,0,2
junction,1,0,1,-1
ignorance,11,5,6,-1
tn,3,1,2,-1
jesusy,1,1,0,1
chance,164,59,105,-46
calm,24,10,14,-4
visits,3,1,2,-1
lists,21,12,9,3
legs,61,25,36,-11
crunchy,7,2,5,-3
observation,17,15,2,13
rooster,1,1,0,1
clicky,1,0,1,-1
giraffe,1,1,0,1
btw,71,70,1,69
elementary,22,9,13,-4
pimply,2,0,2,-2
clog,1,0,1,-1
intentioned,3,3,0,3
policies,2,1,1,0
distract,7,3,4,-1
holes,69,23,46,-23
gal,12,8,4,4
modernod,1,1,0,1
valid,42,37,5,32
ccd,1,0,1,-1
selling,41,14,27,-13
insulation,51,21,30,-9
captioned,4,0,4,-4
clocking,2,0,2,-2
poem,11,4,7,-3
complimenting,6,1,5,-4
views,14,10,4,6
surely,40,16,24,-8
inspo,2,2,0,2
dickheads,2,2,0,2
posted,58,23,35,-12
pocture,1,0,1,-1
abee,1,1,0,1
grades,30,9,21,-12
transitionary,1,1,0,1
inside,173,78,95,-17
abrasive,1,0,1,-1
leads,8,5,3,2
pitch,14,4,10,-6
luda,1,1,0,1
reflexively,3,3,0,3
bauer,2,0,2,-2
illegible,2,0,2,-2
livestream,1,0,1,-1
gory,1,1,0,1
boner,3,1,2,-1
successor,1,1,0,1
map,8,4,4,0
pointing,8,3,5,-2
biomechanics,5,1,4,-3
commonality,1,1,0,1
leora,2,0,2,-2
pipes,1,0,1,-1
interests,16,8,8,0
hehehe,21,21,0,21
eq,2,2,0,2
aaaf,1,1,0,1
touchstones,1,1,0,1
regain,1,1,0,1
hs,4,4,0,4
uhc,1,1,0,1
dragged,5,1,4,-3
aaron,8,0,8,-8
vanlife,4,1,3,-2
weep,1,0,1,-1
doe,2,0,2,-2
unexciting,1,0,1,-1
jvbininiuhiukplijojkjn,1,0,1,-1
modal,1,1,0,1
destroy,10,5,5,0
wear,277,107,170,-63
makes,1140,510,630,-120
trivia,3,3,0,3
snowmen,1,0,1,-1
consensus,4,2,2,0
unions,3,0,3,-3
wealthy,4,3,1,2
bp,8,3,5,-2
heimlich,1,0,1,-1
taper,3,0,3,-3
grail,4,4,0,4
awesome,136,46,90,-44
abba,2,0,2,-2
species,7,0,7,-7
maths,1,1,0,1
unemployment,5,3,2,1
nameless,2,2,0,2
heroes,3,2,1,1
braiding,2,2,0,2
wt,1,1,0,1
lent,4,0,4,-4
climbinginspiration,1,0,1,-1
shauf,2,2,0,2
clapping,1,0,1,-1
arpgs,1,1,0,1
cherished,2,0,2,-2
hapepnvv,1,1,0,1
fffc,1,1,0,1
rescind,1,1,0,1
proportionally,5,2,3,-1
aquariums,3,1,2,-1
monitor,9,2,7,-5
am,810,471,339,132
solutions,17,12,5,7
elegantly,4,4,0,4
withdrawals,7,6,1,5
goal,53,16,37,-21
settters,1,1,0,1
adjusting,3,2,1,1
nawww,1,1,0,1
freezing,2,0,2,-2
celebrity,9,9,0,9
condensation,2,0,2,-2
snippy,2,0,2,-2
miley,4,3,1,2
erm,7,3,4,-1
soft,82,33,49,-16
tomorrow,399,209,190,19
num,1,1,0,1
peri,1,1,0,1
sealants,2,2,0,2
participation,7,6,1,5
dolly,2,1,1,0
je,2,2,0,2
sandbagging,2,0,2,-2
identified,6,4,2,2
overwhelm,3,0,3,-3
benny,8,1,7,-6
warehouse,6,2,4,-2
restoring,1,1,0,1
appetizer,1,0,1,-1
kelli,2,0,2,-2
because,3184,928,2256,-1328
siren,2,0,2,-2
obsessing,1,1,0,1
entire,150,64,86,-22
rogan,5,4,1,3
initialed,1,0,1,-1
chassis,1,0,1,-1
headspace,2,2,0,2
mojitos,2,1,1,0
officiate,2,1,1,0
snotty,1,1,0,1
slowed,2,2,0,2
saltine,1,1,0,1
confidence,40,19,21,-2
catching,9,3,6,-3
pleasure,6,3,3,0
spec,3,0,3,-3
snakes,2,1,1,0
clapped,1,0,1,-1
enlightening,1,1,0,1
tea,16,8,8,0
farmer,2,2,0,2
freaking,8,7,1,6
methyl,2,0,2,-2
pedestrian,1,1,0,1
fracture,1,0,1,-1
humane,3,0,3,-3
bear,20,4,16,-12
sage,12,3,9,-6
wasted,9,5,4,1
arrow,1,0,1,-1
remnants,1,0,1,-1
troper,1,1,0,1
shut,15,7,8,-1
stone,27,10,17,-7
swinton,1,1,0,1
underpay,1,0,1,-1
nurtured,1,1,0,1
watermelon,3,2,1,1
heeler,11,0,11,-11
tiny,88,14,74,-60
serve,1,1,0,1
ooop,5,5,0,5
horrified,2,1,1,0
welcomed,13,13,0,13
brainstorming,9,1,8,-7
possibly,73,21,52,-31
variant,6,4,2,2
tldr,3,2,1,1
controversy,1,0,1,-1
bachelor,20,4,16,-12
pseudo,2,2,0,2
trad,3,1,2,-1
decker,2,2,0,2
shiplap,3,3,0,3
crimped,1,0,1,-1
priced,5,2,3,-1
melted,2,1,1,0
uninterrupted,5,2,3,-1
sandbagger,1,0,1,-1
anarchist,2,2,0,2
murderer,2,0,2,-2
emilia,1,0,1,-1
o,33,22,11,11
unstuck,2,2,0,2
doggearmaker,1,0,1,-1
considerably,2,2,0,2
horsepower,2,1,1,0
dewalt,2,1,1,0
flung,1,0,1,-1
rabbit,11,9,2,7
tossup,2,0,2,-2
unlock,5,0,5,-5
easels,1,1,0,1
baguettes,1,0,1,-1
throuple,10,4,6,-2
oct,2,2,0,2
hashed,1,0,1,-1
valerate,1,1,0,1
prompted,16,6,10,-4
undid,1,0,1,-1
redefine,1,1,0,1
wanda,1,0,1,-1
rocks,15,4,11,-7
doomed,1,1,0,1
blond,1,0,1,-1
mark,27,11,16,-5
abigail,1,1,0,1
capabilities,3,3,0,3
bernard,5,2,3,-1
unintentionally,2,2,0,2
criticism,11,8,3,5
brownstein,1,1,0,1
rockwool,1,0,1,-1
ddaadfdc,1,1,0,1
coin,7,6,1,5
toukokuu,1,1,0,1
cettire,1,1,0,1
hippa,1,1,0,1
aquatic,11,7,4,3
embody,1,0,1,-1
artwork,1,1,0,1
rsvps,1,0,1,-1
maisonmiru,3,1,2,-1
upper,13,4,9,-5
pitched,11,0,11,-11
cardigan,11,0,11,-11
affair,11,2,9,-7
sale,81,25,56,-31
scorecard,2,2,0,2
vaginay,1,1,0,1
fashion,29,25,4,21
sister,105,58,47,11
royalties,4,0,4,-4
literature,3,3,0,3
thee,1,0,1,-1
billionare,1,0,1,-1
healy,7,0,7,-7
swinging,1,1,0,1
values,6,3,3,0
assault,2,0,2,-2
hinder,2,0,2,-2
mlt,1,0,1,-1
promotion,4,2,2,0
solidly,9,2,7,-5
grasped,1,0,1,-1
sleepiest,1,1,0,1
simple,59,18,41,-23
wallace,1,1,0,1
manlier,2,2,0,2
wandered,4,2,2,0
balanced,5,1,4,-3
ccac,1,1,0,1
photographed,1,1,0,1
firstly,4,4,0,4
false,21,10,11,-1
reveals,7,2,5,-3
unfocus,1,1,0,1
preferably,4,1,3,-2
screwed,6,2,4,-2
olsen,1,1,0,1
dbdd,1,0,1,-1
androgynous,1,1,0,1
dignified,1,0,1,-1
coco,7,2,5,-3
vigilante,8,7,1,6
tiptronic,1,0,1,-1
blatantly,4,0,4,-4
thirties,1,1,0,1
graciously,4,0,4,-4
incoherent,1,0,1,-1
existing,14,9,5,4
rankings,9,5,4,1
outcome,23,9,14,-5
americans,1,1,0,1
blobs,2,0,2,-2
plausible,11,9,2,7
autobelay,4,4,0,4
sponsor,3,0,3,-3
harms,1,1,0,1
attaching,3,0,3,-3
hypes,1,0,1,-1
democratic,2,1,1,0
emerson,2,1,1,0
book,239,86,153,-67
side,346,163,183,-20
precious,7,5,2,3
wig,9,8,1,7
joys,1,1,0,1
told,953,296,657,-361
grandmaster,1,1,0,1
towards,88,39,49,-10
twist,37,21,16,5
doofus,2,2,0,2
hiii,3,3,0,3
stool,7,5,2,3
subtitler,1,0,1,-1
lizzy,1,1,0,1
cling,1,1,0,1
chief,5,0,5,-5
carpentry,8,7,1,6
forgives,1,0,1,-1
chicago,11,8,3,5
tour,45,16,29,-13
uscg,1,1,0,1
quick,89,44,45,-1
grateful,8,3,5,-2
puts,22,7,15,-8
l,44,30,14,16
outgoingness,1,0,1,-1
outstanding,1,1,0,1
belgium,4,2,2,0
customer,18,7,11,-4
downtow,1,0,1,-1
eloped,1,1,0,1
hung,59,12,47,-35
leon,1,1,0,1
ouchy,2,1,1,0
sniffles,1,0,1,-1
handled,10,2,8,-6
evergreen,1,1,0,1
bridgett,2,2,0,2
heron,2,1,1,0
upsetting,10,8,2,6
increasingly,1,1,0,1
after,917,378,539,-161
execution,7,1,6,-5
community,26,14,12,2
outraging,1,0,1,-1
notifications,7,4,3,1
masters,7,2,5,-3
childcare,2,0,2,-2
alpaca,2,1,1,0
lowboylife,1,1,0,1
lodging,1,1,0,1
f,18,11,7,4
yours,89,48,41,7
crucified,1,1,0,1
capitalize,1,0,1,-1
whatsnext,1,0,1,-1
trunk,5,2,3,-1
paralyze,1,0,1,-1
loans,10,3,7,-4
cornichons,1,0,1,-1
loopholey,1,0,1,-1
personally,139,56,83,-27
tytytyty,1,1,0,1
fee,12,4,8,-4
ecologists,1,0,1,-1
envisioned,2,1,1,0
pinks,2,0,2,-2
jet,3,2,1,1
hashtag,2,1,1,0
millions,10,5,5,0
flange,1,1,0,1
prejudiced,3,2,1,1
hexagonal,1,1,0,1
topgolf,1,1,0,1
alphabet,1,1,0,1
clues,8,0,8,-8
detailer,1,0,1,-1
router,5,3,2,1
jiffy,4,2,2,0
deliberately,3,3,0,3
pirated,1,1,0,1
patty,1,1,0,1
mountainproject,1,1,0,1
translating,2,1,1,0
forging,1,0,1,-1
nuero,1,1,0,1
communique,1,1,0,1
soillholds,7,7,0,7
spreads,3,3,0,3
drain,12,3,9,-6
outlets,2,0,2,-2
homies,2,2,0,2
scifi,11,2,9,-7
verge,2,0,2,-2
evening,34,17,17,0
vacation,37,24,13,11
preppy,1,1,0,1
touchstone,5,2,3,-1
rearview,3,0,3,-3
term,52,26,26,0
crowley,1,0,1,-1
coughed,1,0,1,-1
supporting,9,5,4,1
ensemble,1,1,0,1
workers,4,3,1,2
ingredients,11,6,5,1
procreate,2,1,1,0
workspace,5,3,2,1
ahh,8,8,0,8
insistent,11,2,9,-7
spark,7,6,1,5
society,25,15,10,5
promise,72,24,48,-24
animation,9,7,2,5
accumulated,1,1,0,1
disrespect,1,0,1,-1
fide,1,1,0,1
footholds,3,1,2,-1
spa,5,3,2,1
strain,2,2,0,2
antidepressants,3,1,2,-1
ditching,1,0,1,-1
sweep,3,1,2,-1
effortless,2,0,2,-2
disturbing,2,2,0,2
bejeweled,10,7,3,4
i'll,3,3,0,3
emelia,3,3,0,3
populous,1,1,0,1
jugs,9,1,8,-7
discomfort,2,0,2,-2
combinations,5,1,4,-3
shocking,95,30,65,-35
hiiiii,1,1,0,1
navigate,1,0,1,-1
flanders,3,2,1,1
searches,3,1,2,-1
muscly,1,1,0,1
promoting,2,1,1,0
feverish,2,2,0,2
sleepers,1,1,0,1
crouch,2,0,2,-2
crinkle,2,0,2,-2
accessories,11,5,6,-1
greek,15,10,5,5
sympathies,1,1,0,1
souvenirs,1,0,1,-1
mono,5,4,1,3
psionically,1,1,0,1
metric,5,4,1,3
belt,22,11,11,0
yaya,1,1,0,1
might,407,153,254,-101
tamagotchi,5,3,2,1
curtis,1,1,0,1
delayed,3,0,3,-3
slandered,1,1,0,1
destructive,9,9,0,9
closing,18,5,13,-8
declaration,1,1,0,1
loaded,4,1,3,-2
compensated,1,0,1,-1
mine,188,83,105,-22
christian,6,3,3,0
sturdy,1,0,1,-1
aweeee,1,1,0,1
following,25,15,10,5
courtesy,4,2,2,0
digitally,2,1,1,0
company,108,43,65,-22
sounded,26,16,10,6
goals,18,11,7,4
weakness,2,2,0,2
technicians,1,0,1,-1
permit,1,0,1,-1
chemistry,8,1,7,-6
creation,3,0,3,-3
wamu,1,0,1,-1
referenced,3,1,2,-1
ancient,4,2,2,0
presumption,1,1,0,1
deporting,1,0,1,-1
coconut,2,2,0,2
blame,37,21,16,5
wick,3,2,1,1
reduce,7,4,3,1
most,951,518,433,85
woven,4,0,4,-4
lukas,2,2,0,2
invire,1,0,1,-1
narrowest,1,1,0,1
bookstore,3,0,3,-3
dailyclimbingnews,1,0,1,-1
climbersoftiktok,3,0,3,-3
pinterest,17,13,4,9
unknown,14,9,5,4
blocky,3,3,0,3
grim,2,0,2,-2
binder,2,1,1,0
landscaping,1,1,0,1
cucumbers,1,1,0,1
inconsistent,4,2,2,0
breast,10,8,2,6
inconsolable,1,0,1,-1
necessarily,46,15,31,-16
confirmation,6,2,4,-2
itm,3,1,2,-1
piece,76,38,38,0
edits,8,3,5,-2
wrapped,20,11,9,2
dressing,8,7,1,6
bfff,1,1,0,1
removal,19,12,7,5
nonononononoonononono,1,1,0,1
gown,1,1,0,1
edition,9,1,8,-7
shower,98,47,51,-4
nby,1,0,1,-1
boycotting,3,0,3,-3
snag,1,0,1,-1
micocentrifuge,1,1,0,1
pugh,5,1,4,-3
committing,4,1,3,-2
hackers,1,1,0,1
latifah,2,1,1,0
phrasing,2,0,2,-2
ghosted,1,0,1,-1
jawbreaker,1,1,0,1
nipple,18,5,13,-8
ugly,230,81,149,-68
accommodates,2,0,2,-2
recipes,2,1,1,0
noemie,2,0,2,-2
precedented,1,0,1,-1
bittersweet,1,1,0,1
betaprofiles,1,1,0,1
forth,19,2,17,-15
salty,3,1,2,-1
heard,305,129,176,-47
district,6,1,5,-4
hint,11,3,8,-5
filmmaking,1,0,1,-1
ryannn,1,1,0,1
understanding,35,22,13,9
preorder,3,3,0,3
rests,1,1,0,1
regal,1,0,1,-1
funfetti,2,0,2,-2
tommy,2,1,1,0
plugging,4,1,3,-2
wine,27,18,9,9
stringy,1,1,0,1
kate,4,0,4,-4
object,5,4,1,3
breakdown,13,9,4,5
tvs,1,0,1,-1
manager,41,9,32,-23
disagrees,2,0,2,-2
resolutions,1,0,1,-1
immoral,4,4,0,4
recurrence,1,1,0,1
brodywellmaker,1,0,1,-1
contrarian,1,1,0,1
protester,1,1,0,1
booby,1,1,0,1
hippo,1,0,1,-1
reliance,1,1,0,1
secreting,1,0,1,-1
lunch,66,7,59,-52
jumpsuits,4,3,1,2
reinforcement,2,0,2,-2
fiona,1,1,0,1
vvitch,1,1,0,1
dive,4,0,4,-4
nuts,14,3,11,-8
happening,112,34,78,-44
repaired,2,1,1,0
hesitant,5,3,2,1
makers,1,0,1,-1
trudy,2,1,1,0
adds,29,21,8,13
tactics,5,2,3,-1
catalogue,1,0,1,-1
sketchy,3,1,2,-1
learning,31,11,20,-9
practically,7,4,3,1
greatest,22,15,7,8
speak,94,22,72,-50
saran,1,0,1,-1
soundcampaign,1,0,1,-1
skateboard,11,3,8,-5
aesthetically,2,2,0,2
bdbf,1,0,1,-1
chugs,1,0,1,-1
medicaid,2,1,1,0
pawrent,1,0,1,-1
management,21,3,18,-15
mraz,1,0,1,-1
lowered,3,1,2,-1
pasco,1,1,0,1
uncomplicated,1,1,0,1
inevitably,5,1,4,-3
crypt,4,4,0,4
e,80,58,22,36
beverages,1,0,1,-1
serving,8,5,3,2
fascist,1,1,0,1
escapes,1,0,1,-1
landscape,3,3,0,3
relates,11,10,1,9
surreal,2,2,0,2
misheard,6,0,6,-6
boasts,1,0,1,-1
search,51,34,17,17
leveling,4,0,4,-4
holder,20,16,4,12
arrived,19,1,18,-17
buzzing,3,2,1,1
ave,14,12,2,10
myriam,7,6,1,5
phoenix,1,1,0,1
consecutive,8,4,4,0
shopper,3,3,0,3
jake,72,27,45,-18
gonnna,2,2,0,2
hahahhahahah,1,1,0,1
duplicate,2,2,0,2
interesting,162,132,30,102
collie,11,1,10,-9
tomme,1,1,0,1
tweaking,4,2,2,0
decemberists,2,2,0,2
ethical,5,5,0,5
folks,6,5,1,4
hilariously,2,1,1,0
dries,1,0,1,-1
wayyy,2,2,0,2
rainier,12,4,8,-4
inventing,2,0,2,-2
dropoff,1,1,0,1
controlling,4,1,3,-2
cbcd,1,0,1,-1
botox,1,1,0,1
drink,81,45,36,9
stereo,3,0,3,-3
grounding,5,5,0,5
taping,2,0,2,-2
obsidian,1,1,0,1
tortoiseshell,4,3,1,2
lawyers,2,0,2,-2
milwaukees,1,0,1,-1
plugs,1,1,0,1
grinch,3,2,1,1
battle,9,4,5,-1
burrito,1,1,0,1
patriot,1,1,0,1
stare,14,2,12,-10
keeley,4,4,0,4
convertible,5,0,5,-5
safari,1,1,0,1
tar,1,1,0,1
som,1,0,1,-1
winnie,3,0,3,-3
ramps,1,1,0,1
connor,4,1,3,-2
construed,1,0,1,-1
sephora,1,1,0,1
chipotle,1,1,0,1
favourite,1,0,1,-1
howats,1,0,1,-1
heels,6,6,0,6
bleed,18,14,4,10
having,619,263,356,-93
southern,5,3,2,1
immersed,1,0,1,-1
bruises,2,0,2,-2
repairing,2,1,1,0
liar,5,3,2,1
collapsible,4,3,1,2
stefaniemyr,1,0,1,-1
suspicious,85,14,71,-57
fella,2,1,1,0
chilli,4,0,4,-4
options,165,35,130,-95
caec,1,0,1,-1
looney,1,1,0,1
marathoner,1,0,1,-1
exits,1,0,1,-1
whispy,1,0,1,-1
weaker,13,2,11,-9
list,320,124,196,-72
portable,12,2,10,-8
eloquence,2,1,1,0
hugest,2,0,2,-2
siphon,3,3,0,3
imposes,1,1,0,1
preferring,4,4,0,4
brings,36,13,23,-10
acaf,1,0,1,-1
dept,1,1,0,1
tmmrw,1,1,0,1
sophomore,6,0,6,-6
womenwhoclimb,4,0,4,-4
happiest,3,3,0,3
pains,2,2,0,2
placebos,4,2,2,0
thankful,21,17,4,13
journal,6,4,2,2
ruthlessly,1,1,0,1
knuckle,1,0,1,-1
signed,35,15,20,-5
lbbnbb,1,0,1,-1
gravestone,2,2,0,2
vanlifer,1,1,0,1
veteran,1,0,1,-1
fox,7,5,2,3
russia,1,1,0,1
minecraft,2,1,1,0
occurring,1,0,1,-1
spotifystats,1,1,0,1
you're,9,6,3,3
staff,58,23,35,-12
gibbous,2,2,0,2
wound,9,0,9,-9
kansas,2,0,2,-2
tattled,1,0,1,-1
notified,1,0,1,-1
bbbf,3,1,2,-1
mindset,5,4,1,3
confrontational,2,1,1,0
coey,1,1,0,1
noah,9,3,6,-3
cowboy,6,0,6,-6
taught,32,11,21,-10
oooop,1,1,0,1
messier,1,1,0,1
campusing,1,0,1,-1
exists,39,17,22,-5
wisely,1,0,1,-1
grapevine,2,2,0,2
envy,5,5,0,5
lambert,2,1,1,0
carhaulercartel,1,1,0,1
unfortunately,254,102,152,-50
jars,3,3,0,3
trio,1,1,0,1
bruno,15,4,11,-7
sandals,2,1,1,0
constructing,1,1,0,1
join,27,12,15,-3
mindy,1,1,0,1
doctors,66,39,27,12
angry,56,33,23,10
trying,849,344,505,-161
whaaaat,1,1,0,1
drastically,7,7,0,7
rationalize,3,3,0,3
centered,5,2,3,-1
scarfs,2,1,1,0
injection,16,10,6,4
pound,3,1,2,-1
sunsets,1,0,1,-1
aarons,1,1,0,1
logbook,1,0,1,-1
ilysm,1,1,0,1
rivets,10,5,5,0
flirting,12,7,5,2
septum,1,1,0,1
address,38,10,28,-18
visibly,15,4,11,-7
antihero,4,1,3,-2
overnight,15,8,7,1
led,16,9,7,2
hog,1,1,0,1
discussed,12,2,10,-8
bleedoutal,1,1,0,1
demote,2,2,0,2
vuori,23,7,16,-9
cloves,2,1,1,0
fantasy,14,7,7,0
erg,2,1,1,0
fddf,1,1,0,1
trusted,12,6,6,0
visions,3,2,1,1
evolved,3,1,2,-1
reinforce,1,0,1,-1
empty,77,18,59,-41
caravans,2,2,0,2
threw,39,18,21,-3
loves,256,124,132,-8
pet,63,17,46,-29
carpeting,3,1,2,-1
compliments,21,10,11,-1
electronics,1,1,0,1
warn,11,9,2,7
unbelievable,8,7,1,6
expects,3,1,2,-1
habitually,1,1,0,1
dialectical,1,0,1,-1
olympia,99,44,55,-11
incredibly,51,49,2,47
fu,1,0,1,-1
adab,1,1,0,1
cooked,10,7,3,4
nor,6,2,4,-2
aussie,24,8,16,-8
mulletty,1,1,0,1
leigh,6,6,0,6
ollalie,1,0,1,-1
unintended,1,0,1,-1
extreme,39,20,19,1
generous,20,8,12,-4
arrested,7,5,2,3
goalies,1,0,1,-1
stigmatized,1,1,0,1
literal,22,9,13,-4
spicy,1,0,1,-1
you,20059,9471,10588,-1117
cheeses,1,0,1,-1
aced,1,0,1,-1
notices,5,0,5,-5
hizon,1,0,1,-1
neutral,76,31,45,-14
dickinson,3,1,2,-1
coventry,3,0,3,-3
chevy,2,2,0,2
concerts,4,1,3,-2
humorous,1,1,0,1
dave,8,3,5,-2
pooled,3,0,3,-3
landed,16,3,13,-10
purifiers,1,0,1,-1
randall,1,0,1,-1
ey,1,1,0,1
fellows,2,2,0,2
predictable,5,3,2,1
sargent,1,0,1,-1
footboard,4,2,2,0
conviction,1,0,1,-1
puffed,1,0,1,-1
compartment,1,0,1,-1
sulfur,1,1,0,1
joolia's,1,0,1,-1
racks,4,1,3,-2
responding,18,7,11,-4
overlapping,6,1,5,-4
awake,39,20,19,1
oliviamangionee,4,0,4,-4
porn,2,2,0,2
listed,29,7,22,-15
underage,1,1,0,1
cottage,4,2,2,0
angel,17,15,2,13
particle,1,0,1,-1
truths,3,2,1,1
transferring,2,2,0,2
jsyk,1,1,0,1
end,2164,1797,367,1430
learned,131,50,81,-31
siblings,25,13,12,1
approx,3,2,1,1
edited,695,451,244,207
uncultured,3,0,3,-3
sooo,75,66,9,57
candles,3,1,2,-1
backless,1,0,1,-1
lasvegasraiders,1,0,1,-1
adventures,3,1,2,-1
fluffs,1,0,1,-1
roo,3,3,0,3
alex,73,18,55,-37
redskins,1,0,1,-1
specialists,1,0,1,-1
unsettling,3,1,2,-1
peek,2,0,2,-2
tree,43,16,27,-11
covering,14,6,8,-2
curtain,2,0,2,-2
boon,1,1,0,1
becc,2,0,2,-2
torsos,1,1,0,1
specified,1,0,1,-1
consulting,2,2,0,2
sightings,1,1,0,1
perfects,1,0,1,-1
popped,5,2,3,-1
cole,4,2,2,0
ours,11,4,7,-3
melina,4,1,3,-2
alseep,1,1,0,1
vietnamese,3,0,3,-3
harsh,10,2,8,-6
gel,2,0,2,-2
vlt,2,0,2,-2
gardens,14,4,10,-6
compensation,1,0,1,-1
pried,1,1,0,1
fedb,1,1,0,1
loveliest,4,1,3,-2
lids,1,1,0,1
summit,3,1,2,-1
dependency,2,2,0,2
settles,3,1,2,-1
cody,25,13,12,1
sexual,27,19,8,11
cooler,37,16,21,-5
cramps,1,0,1,-1
aura,3,3,0,3
finn,20,16,4,12
rewire,3,1,2,-1
random,105,32,73,-41
exercises,5,1,4,-3
jolted,1,0,1,-1
wheelchairs,1,0,1,-1
nnesota,1,1,0,1
bohme,1,0,1,-1
cuddle,7,4,3,1
pauses,1,0,1,-1
fully,83,43,40,3
banging,9,0,9,-9
burned,5,4,1,3
bros,2,1,1,0
diagrams,3,2,1,1
ikay,1,1,0,1
muscgraves,1,1,0,1
discussion,20,11,9,2
consequential,1,1,0,1
definitively,3,1,2,-1
boulderer,2,1,1,0
julia,1,0,1,-1
medicialist,1,1,0,1
brockwoman,1,0,1,-1
keith,5,2,3,-1
chocolate,39,22,17,5
canned,1,0,1,-1
puyallup,6,1,5,-4
connotation,8,6,2,4
morty,10,3,7,-4
signing,21,3,18,-15
gigantic,4,4,0,4
was,8288,3510,4778,-1268
gyoza,1,0,1,-1
pasting,1,1,0,1
solstice,1,0,1,-1
persons,6,5,1,4
socialization,2,1,1,0
rounded,6,2,4,-2
facilities,6,0,6,-6
wreath,2,2,0,2
wallingford,3,0,3,-3
cortisol,1,0,1,-1
mario,4,2,2,0
island,14,4,10,-6
essential,3,3,0,3
hed,1,1,0,1
misremembered,2,1,1,0
toughest,2,1,1,0
baker,6,2,4,-2
unfounded,1,0,1,-1
tupperwres,1,0,1,-1
icicle,3,1,2,-1
bonner,1,0,1,-1
behind,139,55,84,-29
anti,60,29,31,-2
copied,1,1,0,1
removable,6,2,4,-2
riverside,3,3,0,3
colorful,1,0,1,-1
plateaued,3,0,3,-3
unfaithful,1,1,0,1
wong,3,3,0,3
interviews,3,1,2,-1
staple,5,3,2,1
american,28,12,16,-4
tripled,2,0,2,-2
sprinting,2,0,2,-2
stay,184,74,110,-36
snahomiah,1,1,0,1
primarily,2,0,2,-2
heal,3,1,2,-1
fellow,9,7,2,5
scarlet,13,4,9,-5
thailand,1,1,0,1
bushcraft,1,0,1,-1
unlike,5,4,1,3
allen,1,0,1,-1
harvard,1,0,1,-1
support,135,62,73,-11
bomber,2,2,0,2
aren,216,90,126,-36
benches,6,1,5,-4
coats,2,2,0,2
unspoken,3,2,1,1
details,49,21,28,-7
mcu,3,2,1,1
halfheartedly,1,0,1,-1
movements,2,0,2,-2
swimmers,1,0,1,-1
cornelia,2,0,2,-2
legging,24,4,20,-16
vaccination,1,1,0,1
exceedingly,2,2,0,2
revolt,1,1,0,1
groove,2,1,1,0
ironman,1,1,0,1
soundproofing,1,0,1,-1
licton,1,1,0,1
issues,32,19,13,6
acea,1,0,1,-1
revisit,3,1,2,-1
atmospheric,1,0,1,-1
negotiating,1,0,1,-1
promises,4,4,0,4
collarbone,1,0,1,-1
national,12,7,5,2
psycho,6,5,1,4
paul,9,3,6,-3
salad,7,3,4,-1
payable,1,1,0,1
rotten,2,2,0,2
rods,1,1,0,1
fluffier,1,0,1,-1
dijon,1,1,0,1
sashes,1,1,0,1
caught,43,21,22,-1
tilly,3,1,2,-1
carrier,5,3,2,1
commissions,1,1,0,1
realizes,8,3,5,-2
acknowledge,24,13,11,2
confidently,6,4,2,2
polite,12,10,2,8
aeda,2,2,0,2
pasted,1,1,0,1
naked,42,19,23,-4
sergeant,2,2,0,2
lawsuit,4,4,0,4
squired,1,1,0,1
swiveled,1,1,0,1
coffe,1,1,0,1
flatten,1,0,1,-1
overdoses,1,1,0,1
dietician,1,0,1,-1
hungover,2,0,2,-2
homelessness,1,1,0,1
separate,68,19,49,-30
masala,1,0,1,-1
toothbrushes,2,1,1,0
eras,6,2,4,-2
privately,5,3,2,1
heirarchy,1,1,0,1
future,49,29,20,9
bow,13,10,3,7
protest,2,1,1,0
abstract,7,4,3,1
me,7285,3679,3606,73
clever,8,7,1,6
ughhhhomg,1,1,0,1
middle,187,79,108,-29
sustained,1,1,0,1
felony,1,1,0,1
maple,3,2,1,1
incorporate,5,1,4,-3
ramsey,1,0,1,-1
vulnerability,1,1,0,1
blackbiird,1,0,1,-1
studies,22,9,13,-4
clinical,3,0,3,-3
amps,2,1,1,0
pay,405,133,272,-139
quote,24,18,6,12
cascade,1,1,0,1
outcomes,5,3,2,1
stricken,1,0,1,-1
neon,1,0,1,-1
madison,1,1,0,1
sleek,2,1,1,0
recommends,4,2,2,0
weeknight,2,2,0,2
days,532,244,288,-44
keeps,77,24,53,-29
glad,112,44,68,-24
mirri,2,2,0,2
complexly,2,2,0,2
forced,22,12,10,2
jay,5,2,3,-1
aging,4,3,1,2
tri,11,7,4,3
jemisen,2,0,2,-2
bells,6,1,5,-4
ouch,4,1,3,-2
depression,40,20,20,0
embroidering,1,0,1,-1
store,133,53,80,-27
journalistic,1,1,0,1
lugs,2,2,0,2
charming,17,16,1,15
buzz,1,1,0,1
mildred,4,0,4,-4
thredup,1,1,0,1
zolotukhin,1,1,0,1
trigger,24,8,16,-8
pitzer,2,0,2,-2
bingos,1,1,0,1
ambitions,2,1,1,0
deny,4,1,3,-2
fbac,1,1,0,1
license,19,9,10,-1
troubleshooting,2,1,1,0
contender,1,0,1,-1
bjsm,1,1,0,1
canyon,4,2,2,0
malinois,5,0,5,-5
sort,310,235,75,160
mind,342,163,179,-16
cosmetics,1,1,0,1
fremont,3,2,1,1
accuse,5,0,5,-5
hesitation,5,0,5,-5
groupings,1,0,1,-1
shimmering,1,0,1,-1
been,1815,808,1007,-199
camper,36,7,29,-22
reinforcing,2,1,1,0
form,55,39,16,23
crushing,4,2,2,0
aang,1,1,0,1
benntheredonethat,1,0,1,-1
krispy,1,0,1,-1
gains,3,3,0,3
forerunning,23,2,21,-19
reel,8,2,6,-4
hoomans,1,1,0,1
elbow,8,0,8,-8
constnantly,1,1,0,1
scour,1,0,1,-1
fuss,3,1,2,-1
procrastinate,3,2,1,1
scientifically,12,2,10,-8
beginnings,1,1,0,1
fireball,1,1,0,1
georgia,16,10,6,4
mayer,2,1,1,0
extrude,1,1,0,1
semblance,2,0,2,-2
circle,41,8,33,-25
shifted,5,2,3,-1
grading,2,2,0,2
psc,3,0,3,-3
enrollment,1,0,1,-1
placing,1,1,0,1
promised,9,5,4,1
labor,16,6,10,-4
bremerton,2,0,2,-2
toweled,1,1,0,1
sq,3,3,0,3
preserving,1,0,1,-1
appeal,6,6,0,6
lingerie,3,3,0,3
corrupt,1,1,0,1
envious,2,2,0,2
iterations,1,0,1,-1
hiss,1,0,1,-1
demographic,19,9,10,-1
jamie,8,6,2,4
crisis,9,5,4,1
filthiest,1,1,0,1
food,168,67,101,-34
salsa,1,0,1,-1
liquid,5,2,3,-1
fatherbrynn,1,0,1,-1
hrs,1,0,1,-1
expiring,2,0,2,-2
sidestepped,1,0,1,-1
doms,12,12,0,12
ounce,2,0,2,-2
existed,18,4,14,-10
horizontal,3,3,0,3
nh,1,1,0,1
ranger,1,1,0,1
weather,27,6,21,-15
minorly,2,2,0,2
sommelier,3,1,2,-1
synsacrum,1,0,1,-1
stings,1,0,1,-1
marco,8,4,4,0
singer,8,6,2,4
incentive,2,0,2,-2
alliance,3,0,3,-3
greyhound,2,1,1,0
ethan,12,3,9,-6
moment,277,107,170,-63
we,4404,1524,2880,-1356
culture,18,10,8,2
weekend,143,48,95,-47
consume,2,1,1,0
lattice,1,0,1,-1
forty,2,1,1,0
completed,6,2,4,-2
gl,1,1,0,1
litrrally,1,1,0,1
soooooooo,2,1,1,0
glass,47,23,24,-1
civilians,1,1,0,1
illusions,1,1,0,1
trixie's,1,1,0,1
spins,3,1,2,-1
claimed,8,2,6,-4
adeptly,1,1,0,1
chuck,1,1,0,1
ladders,4,1,3,-2
hawaiian,3,1,2,-1
theys,21,7,14,-7
tarp,1,1,0,1
hobbits,1,0,1,-1
narrow,15,6,9,-3
cosplay,3,1,2,-1
hovering,2,0,2,-2
dfdc,1,1,0,1
slots,3,3,0,3
preceded,1,1,0,1
unwanted,4,4,0,4
trails,2,1,1,0
recharge,2,0,2,-2
reaffirm,2,1,1,0
pct,2,0,2,-2
geronimo,5,0,5,-5
pasteurized,1,1,0,1
really,2745,1420,1325,95
real,403,239,164,75
power,82,49,33,16
abusing,4,2,2,0
republic,1,0,1,-1
heartwarming,1,1,0,1
fingernails,3,2,1,1
leashed,2,2,0,2
absorbing,1,1,0,1
traits,17,10,7,3
observations,7,6,1,5
misco,1,0,1,-1
reader,10,8,2,6
acetone,2,0,2,-2
normalizing,1,1,0,1
islands,2,0,2,-2
paco,1,0,1,-1
profoundly,1,1,0,1
expansion,6,2,4,-2
ripstop,1,0,1,-1
nbgrace,1,1,0,1
pressures,5,3,2,1
semque,2,0,2,-2
tame,3,3,0,3
genderless,6,1,5,-4
outside,205,74,131,-57
safely,3,0,3,-3
spares,1,1,0,1
tpms,3,0,3,-3
noteworthy,4,0,4,-4
easiest,25,11,14,-3
scale,43,12,31,-19
eventual,1,1,0,1
spokane,3,0,3,-3
remove,35,14,21,-7
initially,7,2,5,-3
marlowe,1,0,1,-1
freelance,7,3,4,-1
pizzas,1,0,1,-1
dehydration,5,1,4,-3
tommys,1,0,1,-1
shakespeare,17,7,10,-3
obscurity,1,1,0,1
rubs,2,0,2,-2
mammals,1,1,0,1
spider,31,9,22,-13
unconsciously,1,1,0,1
bins,7,1,6,-5
paraded,2,0,2,-2
contracted,2,2,0,2
dominate,1,1,0,1
marketed,2,1,1,0
bcba,1,0,1,-1
skwama,2,2,0,2
trumped,1,0,1,-1
untie,1,1,0,1
connecting,3,1,2,-1
temporal,1,1,0,1
natured,3,1,2,-1
made,787,308,479,-171
filmed,2,1,1,0
place,303,128,175,-47
courses,6,3,3,0
mechanic,11,5,6,-1
lsd,2,1,1,0
breakable,3,1,2,-1
alana,1,0,1,-1
payload,10,8,2,6
nation,4,4,0,4
slipped,5,2,3,-1
con,9,2,7,-5
synopsis,2,0,2,-2
healer,1,0,1,-1
topout,8,0,8,-8
dirt,12,1,11,-10
popularized,2,2,0,2
appoints,1,1,0,1
contraction,1,1,0,1
greenlake,11,2,9,-7
mutually,7,1,6,-5
wetsuit,2,1,1,0
charged,8,2,6,-4
cayenne,1,0,1,-1
garbology,2,2,0,2
photoshopped,4,0,4,-4
plunging,1,0,1,-1
submission,2,0,2,-2
swag,2,2,0,2
truthful,2,2,0,2
chasers,1,1,0,1
finish,82,19,63,-44
humor,12,8,4,4
warriors,1,1,0,1
owls,7,3,4,-1
resubmit,1,0,1,-1
swimming,8,3,5,-2
attend,2,1,1,0
rectify,2,1,1,0
rolldown,2,2,0,2
fnbas,3,3,0,3
karmic,2,2,0,2
cotton,29,20,9,11
alienate,1,0,1,-1
brie,2,0,2,-2
exploded,3,0,3,-3
pooor,1,1,0,1
carbon,5,2,3,-1
legged,2,1,1,0
coverage,7,6,1,5
quentin,3,0,3,-3
nlm,1,1,0,1
mix,97,24,73,-49
witherspoon,1,0,1,-1
volvo,1,1,0,1
sean,28,11,17,-6
mtn,2,1,1,0
stockpiling,1,0,1,-1
receptive,8,1,7,-6
eas,2,1,1,0
houses,29,13,16,-3
thwarted,1,0,1,-1
clooney,2,2,0,2
underlayment,12,11,1,10
highball,2,0,2,-2
lover,19,13,6,7
harsher,1,0,1,-1
sabrina,3,1,2,-1
haematocrit,1,1,0,1
imitation,1,0,1,-1
participate,33,12,21,-9
shorten,2,1,1,0
shining,5,1,4,-3
scientific,13,7,6,1
nomination,2,2,0,2
crystal,2,1,1,0
check,198,71,127,-56
recommendations,16,11,5,6
darkest,3,1,2,-1
rap,3,1,2,-1
intentional,18,11,7,4
sympathy,6,5,1,4
benediction,1,1,0,1
please,324,148,176,-28
these,758,308,450,-142
india,1,1,0,1
polluted,1,1,0,1
unclog,3,0,3,-3
haunted,6,1,5,-4
ordained,1,0,1,-1
hayley,3,1,2,-1
swimmer,3,3,0,3
mass,3,3,0,3
coldly,1,0,1,-1
through,382,165,217,-52
lead,38,22,16,6
crew,18,7,11,-4
fix,110,43,67,-24
condo,1,1,0,1
recommend,43,12,31,-19
vanpelt,1,0,1,-1
news,365,147,218,-71
yes,1866,737,1129,-392
ethernet,2,0,2,-2
foreign,10,7,3,4
needing,21,9,12,-3
inadequacy,1,1,0,1
consequence,4,3,1,2
accumulate,4,0,4,-4
output,4,2,2,0
topics,5,1,4,-3
complimented,12,6,6,0
delusional,11,5,6,-1
represents,1,1,0,1
survives,1,0,1,-1
clinique,2,0,2,-2
mishearing,2,0,2,-2
antagonisitc,1,1,0,1
canonical,1,1,0,1
babying,1,1,0,1
nametok,1,0,1,-1
indicate,6,2,4,-2
unwieldy,1,1,0,1
goodman,1,1,0,1
packed,12,3,9,-6
earnestly,1,0,1,-1
miho,7,1,6,-5
couples,8,4,4,0
whippet,2,0,2,-2
folded,8,2,6,-4
notify,1,0,1,-1
departments,3,3,0,3
contraindications,1,0,1,-1
images,2,2,0,2
phil,6,4,2,2
wiser,1,0,1,-1
fellas,1,1,0,1
purview,2,2,0,2
basement,6,2,4,-2
ominous,6,2,4,-2
complicated,85,47,38,9
simplest,2,0,2,-2
del,12,4,8,-4
rereading,1,0,1,-1
collectively,2,1,1,0
reels,2,1,1,0
excluding,5,2,3,-1
fingertip,1,0,1,-1
stovegashob,1,1,0,1
studied,5,1,4,-3
vibed,1,0,1,-1
failed,26,9,17,-8
marketable,2,1,1,0
tinkering,2,1,1,0
backtrack,1,1,0,1
alike,7,3,4,-1
forgettable,3,3,0,3
ikea,11,3,8,-5
inarguably,2,2,0,2
recs,3,3,0,3
squids,1,1,0,1
bbq,3,1,2,-1
monday,87,17,70,-53
anion,3,2,1,1
splashed,1,0,1,-1
counterpart,1,0,1,-1
reasoning,20,15,5,10
stanza,3,0,3,-3
potters,1,1,0,1
settled,22,10,12,-2
interjected,5,1,4,-3
haven't,1,1,0,1
aecd,1,0,1,-1
okay,1905,1075,830,245
transition,71,53,18,35
transparency,6,3,3,0
purrito,1,0,1,-1
spitters,3,0,3,-3
speeds,3,1,2,-1
kennedi,3,3,0,3
twinks,1,1,0,1
clarify,26,19,7,12
doorway,6,2,4,-2
happy,308,202,106,96
killing,12,5,7,-2
stupidly,4,3,1,2
happiness,9,9,0,9
relatively,17,7,10,-3
carl,1,0,1,-1
eivi,1,1,0,1
replies,10,1,9,-8
flop,5,2,3,-1
sclient,1,1,0,1
leopards,1,0,1,-1
orchi,3,3,0,3
wax,3,1,2,-1
sauce,13,4,9,-5
wyrmling,2,1,1,0
headroom,1,0,1,-1
fished,4,0,4,-4
gos,1,1,0,1
twinky,1,1,0,1
yelled,19,12,7,5
readable,2,2,0,2
erasure,5,5,0,5
kitties,1,1,0,1
excessively,1,0,1,-1
howdy,2,1,1,0
psychiatrist,12,4,8,-4
until,427,148,279,-131
dealt,2,0,2,-2
yngwie,1,1,0,1
gagging,1,0,1,-1
absorb,9,2,7,-5
breakupy,2,2,0,2
flesh,1,0,1,-1
aireth,3,2,1,1
kibbles,1,0,1,-1
tryhard,2,2,0,2
fulfill,5,1,4,-3
pronounces,2,0,2,-2
camped,1,0,1,-1
cutely,2,2,0,2
minus,22,10,12,-2
walnut,3,3,0,3
margaret,12,7,5,2
climate,6,3,3,0
isms,1,0,1,-1
studs,11,8,3,5
levi,3,1,2,-1
multivitamin,5,5,0,5
sleeves,25,12,13,-1
graduation,13,5,8,-3
optimized,4,4,0,4
olive,8,2,6,-4
prolific,1,1,0,1
slightest,7,0,7,-7
emts,4,1,3,-2
whining,7,4,3,1
grin,2,1,1,0
plagiarizing,1,0,1,-1
burritos,1,0,1,-1
stats,11,8,3,5
soapbox,1,1,0,1
underline,1,0,1,-1
donate,12,7,5,2
oversimplification,1,0,1,-1
contest,2,1,1,0
elaborate,25,11,14,-3
fraught,1,0,1,-1
tshirts,12,2,10,-8
wearable,1,0,1,-1
mellowed,1,0,1,-1
commands,2,0,2,-2
ties,6,2,4,-2
toasted,1,0,1,-1
usher,1,1,0,1
inline,4,4,0,4
restless,1,1,0,1
codes,4,1,3,-2
comprehensively,1,0,1,-1
philosophies,2,1,1,0
winding,1,1,0,1
restore,1,1,0,1
holding,57,23,34,-11
designed,32,13,19,-6
unbreakeup,1,1,0,1
candid,2,2,0,2
climbtok,5,0,5,-5
uproar,1,0,1,-1
misconduct,1,0,1,-1
wars,23,11,12,-1
nullify,1,1,0,1
greenscreen,6,1,5,-4
overlooking,2,1,1,0
disintegration,1,1,0,1
abd,1,0,1,-1
jump,51,12,39,-27
yuppp,1,1,0,1
showing,52,28,24,4
herb,1,0,1,-1
mulholland,2,2,0,2
statement,26,16,10,6
contradicting,1,1,0,1
lawmaking,1,1,0,1
wodnering,1,1,0,1
unwrap,1,1,0,1
perceived,4,2,2,0
notoriously,2,1,1,0
acted,10,4,6,-2
carrying,13,2,11,-9
toxins,1,1,0,1
cerification,1,1,0,1
kayla,5,4,1,3
fledged,1,0,1,-1
wasnt,5,4,1,3
reads,9,5,4,1
ely,1,0,1,-1
camry,2,0,2,-2
daycares,1,0,1,-1
mulvaneys,1,1,0,1
clifford,2,1,1,0
peripherally,2,1,1,0
whispered,2,1,1,0
flexibility,5,4,1,3
rowing,1,0,1,-1
sustainably,1,1,0,1
thrown,15,3,12,-9
conversion,16,4,12,-8
john's,1,1,0,1
visiting,10,2,8,-6
linkcode,4,0,4,-4
stalked,3,2,1,1
doubter,1,1,0,1
smooth,14,6,8,-2
stemmed,1,0,1,-1
cattle,19,4,15,-11
doors,27,14,13,1
dreadful,1,1,0,1
decided,147,61,86,-25
canceling,4,4,0,4
ceee,1,1,0,1
accelerating,1,0,1,-1
precise,1,1,0,1
decipher,2,0,2,-2
annotated,1,0,1,-1
obstacles,2,2,0,2
birdtok,1,0,1,-1
facts,23,5,18,-13
inspiring,4,3,1,2
brushes,4,1,3,-2
gluten,19,8,11,-3
manipulation,4,3,1,2
loveabke,1,1,0,1
shuffles,1,0,1,-1
fortunate,2,2,0,2
fatphobia,1,0,1,-1
ceramic,6,4,2,2
bored,31,12,19,-7
peaks,2,1,1,0
zone,16,6,10,-4
contain,5,2,3,-1
vivian,2,1,1,0
cobra,3,0,3,-3
africans,1,1,0,1
sarcophagus,2,1,1,0
eggnog,1,1,0,1
describes,4,3,1,2
tray,1,1,0,1
sludge,1,1,0,1
unheard,7,1,6,-5
negatives,1,1,0,1
skipped,15,3,12,-9
dignitymemorial,1,0,1,-1
engineer,27,10,17,-7
lightning,4,3,1,2
phobic,2,0,2,-2
closure,6,5,1,4
seemed,67,26,41,-15
isotopes,1,0,1,-1
altercation,2,2,0,2
harvest,4,2,2,0
uncut,18,7,11,-4
services,11,9,2,7
consonants,2,0,2,-2
document,11,4,7,-3
wished,10,2,8,-6
vital,3,0,3,-3
an,8332,3291,5041,-1750
letterboxd,41,39,2,37
recovery,4,2,2,0
tethered,1,0,1,-1
stuffing,2,2,0,2
snooky,1,0,1,-1
systemically,1,1,0,1
friendliness,1,1,0,1
mysterious,19,14,5,9
deluxe,18,2,16,-14
bribed,1,1,0,1
lost,124,57,67,-10
poets,1,0,1,-1
mission,9,5,4,1
oscar,62,44,18,26
aron,1,0,1,-1
tid,2,2,0,2
nothings,7,7,0,7
confirmed,26,8,18,-10
whimsy,2,2,0,2
compression,5,4,1,3
joes,5,4,1,3
gray,56,10,46,-36
sadly,4,2,2,0
defining,8,5,3,2
jaaaaams,1,0,1,-1
parameters,1,1,0,1
germ,1,1,0,1
nonfactor,1,1,0,1
sweat,5,3,2,1
exposed,6,4,2,2
reciprocate,9,8,1,7
aafb,2,0,2,-2
processors,1,0,1,-1
contractors,2,0,2,-2
boards,24,10,14,-4
ranges,7,5,2,3
hangboarding,2,0,2,-2
duty,1,0,1,-1
grrrr,2,2,0,2
aw,6,3,3,0
sawing,2,1,1,0
swiftly,1,0,1,-1
inventive,1,1,0,1
weird,1622,781,841,-60
reviewed,7,7,0,7
legit,10,7,3,4
cliffording,1,0,1,-1
crusty,1,0,1,-1
ears,56,34,22,12
viral,2,2,0,2
tattles,1,1,0,1
quests,1,0,1,-1
clara,15,9,6,3
ovulate,2,0,2,-2
tactfully,1,1,0,1
makita,7,2,5,-3
depop,4,4,0,4
apprenticeships,1,0,1,-1
diabetics,1,0,1,-1
ethically,5,1,4,-3
trims,1,0,1,-1
motivated,13,6,7,-1
semi,7,6,1,5
disc,1,1,0,1
sloppy,2,2,0,2
jeech,15,4,11,-7
varieties,1,1,0,1
scratching,1,1,0,1
bubbly,2,1,1,0
inoffensive,3,1,2,-1
arrogantly,1,1,0,1
layoff,3,2,1,1
flashed,9,3,6,-3
drool,1,0,1,-1
longtime,1,1,0,1
transformers,1,0,1,-1
tube,13,4,9,-5
within,122,55,67,-12
roofus,2,2,0,2
sh,2,1,1,0
suspicions,4,1,3,-2
faults,2,1,1,0
warren,5,3,2,1
discriminated,1,0,1,-1
elastic,8,2,6,-4
apps,16,12,4,8
thereof,1,1,0,1
baristas,1,0,1,-1
phrase,15,8,7,1
obligatory,1,0,1,-1
congregation,1,1,0,1
koga,1,0,1,-1
reprimand,1,0,1,-1
yummy,4,4,0,4
spironolactone,2,2,0,2
mike,25,13,12,1
blank,14,9,5,4
overweight,1,0,1,-1
assertive,1,1,0,1
scenario,59,33,26,7
eliza,2,2,0,2
unorthodox,1,1,0,1
percentile,1,0,1,-1
previews,3,1,2,-1
cankles,1,0,1,-1
tattoo,60,36,24,12
diligent,3,3,0,3
legally,33,13,20,-7
inattentive,2,0,2,-2
slapping,2,0,2,-2
nowadays,4,0,4,-4
vesa,1,1,0,1
extras,5,2,3,-1
brooklyn,2,0,2,-2
bccf,2,2,0,2
applicable,7,4,3,1
upgrades,1,0,1,-1
beyonce,3,0,3,-3
morally,11,1,10,-9
despair,3,1,2,-1
wrongful,1,1,0,1
jumpscare,7,7,0,7
shy,30,19,11,8
glimpses,1,1,0,1
loveless,2,2,0,2
unit,20,5,15,-10
bass,5,5,0,5
milf,16,8,8,0
production,17,10,7,3
generosity,1,0,1,-1
boiling,2,1,1,0
ropes,12,6,6,0
reconsider,2,1,1,0
kidneys,2,1,1,0
miette,3,2,1,1
unsnapped,1,0,1,-1
disinterested,3,1,2,-1
intermediary,1,1,0,1
wholely,1,1,0,1
mentality,7,5,2,3
hollywood,1,1,0,1
regrets,5,3,2,1
cristina,1,1,0,1
jai,3,1,2,-1
tulips,13,1,12,-11
whores,1,1,0,1
representing,4,2,2,0
podcasts,9,1,8,-7
imported,3,1,2,-1
hangs,15,7,8,-1
granola,2,0,2,-2
bioner,2,0,2,-2
clinbersoftiktok,1,0,1,-1
floors,15,10,5,5
survivor,2,0,2,-2
devoid,1,0,1,-1
edu,1,0,1,-1
sounds,329,172,157,15
chips,6,1,5,-4
vivid,1,0,1,-1
contextualize,4,3,1,2
flirt,11,6,5,1
coordinate,3,1,2,-1
abdc,1,1,0,1
mastered,2,2,0,2
seeded,1,1,0,1
myr,2,1,1,0
ctd,12,0,12,-12
hanover,1,1,0,1
dnobbhdhdjrj,1,0,1,-1
vests,1,0,1,-1
joy,35,20,15,5
aubergine,1,1,0,1
triangle,1,1,0,1
staples,6,0,6,-6
pal,13,7,6,1
cuteeeeeeee,1,1,0,1
organs,2,1,1,0
dork,2,2,0,2
theme,43,7,36,-29
nest,2,1,1,0
zinc,5,4,1,3
bainbridge,1,0,1,-1
amaturish,2,2,0,2
ray,10,2,8,-6
khaki,3,0,3,-3
broooo,1,1,0,1
morals,4,1,3,-2
littler,1,1,0,1
aaee,1,1,0,1
over,713,301,412,-111
restuck,1,0,1,-1
comes,235,127,108,19
subsidiary,1,0,1,-1
established,12,2,10,-8
increases,2,0,2,-2
geometry,2,2,0,2
eddie,6,0,6,-6
cuteeeeee,1,1,0,1
referrals,1,0,1,-1
narrates,2,1,1,0
aebb,1,1,0,1
mole,4,1,3,-2
aaef,1,0,1,-1
rose,13,7,6,1
unusable,2,0,2,-2
hypothesized,1,1,0,1
broadway,3,0,3,-3
credentials,3,2,1,1
mash,1,0,1,-1
patiently,5,1,4,-3
stolen,15,7,8,-1
aspx,2,0,2,-2
beast,5,0,5,-5
enzyme,2,2,0,2
care,328,168,160,8
magnet,12,1,11,-10
pizza,20,8,12,-4
verbatim,1,1,0,1
drown,2,0,2,-2
lise,2,1,1,0
crawls,4,2,2,0
paragraphs,6,4,2,2
girlies,3,3,0,3
contextualizing,1,1,0,1
marriage,23,16,7,9
identities,4,3,1,2
scotia,4,2,2,0
bachelors,1,0,1,-1
secretary,2,0,2,-2
overload,1,1,0,1
partially,12,5,7,-2
overflow,2,1,1,0
shrek,6,2,4,-2
midday,3,1,2,-1
blacked,1,1,0,1
review,86,46,40,6
badge,2,2,0,2
levis,2,0,2,-2
savannah,1,0,1,-1
sides,34,12,22,-10
defensiveness,1,0,1,-1
waist,35,17,18,-1
squirting,1,0,1,-1
responds,9,6,3,3
moscow,1,0,1,-1
attest,2,1,1,0
dog,1163,506,657,-151
violet,14,7,7,0
consequently,1,1,0,1
landmark,1,0,1,-1
wednesdays,9,2,7,-5
jort,3,1,2,-1
holistically,2,1,1,0
twitches,2,1,1,0
ticket,20,7,13,-6
delivered,7,4,3,1
discovered,15,10,5,5
waht,1,1,0,1
heather,19,12,7,5
rust,4,4,0,4
tragedy,6,3,3,0
defying,2,1,1,0
whines,2,0,2,-2
collaborated,6,3,3,0
brutally,2,2,0,2
keens,1,0,1,-1
overstuffed,1,1,0,1
beautification,4,1,3,-2
huskies,1,0,1,-1
regimen,2,1,1,0
raises,11,2,9,-7
autolist,1,0,1,-1
andromeda,1,1,0,1
checkout,3,2,1,1
nonononoo,1,1,0,1
boygenius,21,4,17,-13
fyi,1,0,1,-1
spoiledpooch,1,1,0,1
timeframes,1,1,0,1
accelerator,1,0,1,-1
tuesday,87,21,66,-45
symbol,4,2,2,0
color,206,74,132,-58
peeled,4,2,2,0
slicer,3,3,0,3
ap,3,3,0,3
prog,1,1,0,1
literallyjohngreen,10,9,1,8
gid,1,1,0,1
ark,1,0,1,-1
biw,2,2,0,2
dirtbags,1,1,0,1
cam,7,3,4,-1
discontinues,1,0,1,-1
gravy,1,0,1,-1
thst,6,6,0,6
barker,4,0,4,-4
leaves,48,22,26,-4
mill,2,1,1,0
count,71,22,49,-27
cbca,1,1,0,1
notion,2,2,0,2
clawclip,1,0,1,-1
polling,1,1,0,1
jen,7,2,5,-3
i'l,1,1,0,1
meryl,1,0,1,-1
bud,6,0,6,-6
federal,2,1,1,0
washes,1,1,0,1
spidey,1,1,0,1
chanel,2,1,1,0
routine,20,9,11,-2
petri,1,0,1,-1
clicks,2,1,1,0
misrepresented,1,0,1,-1
flushed,2,1,1,0
rest,143,50,93,-43
bcdb,1,0,1,-1
unbelievably,8,0,8,-8
willems,1,1,0,1
advanced,25,18,7,11
fidget,5,2,3,-1
darrington,3,0,3,-3
eternia,2,0,2,-2
circled,2,0,2,-2
beginners,3,1,2,-1
saphonisba,2,2,0,2
bye,10,7,3,4
attractiveness,1,1,0,1
samoyed,1,0,1,-1
wha,1,1,0,1
newalbum,1,0,1,-1
maggie,62,22,40,-18
unique,28,11,17,-6
unbiased,2,0,2,-2
stalking,1,1,0,1
sulfate,1,0,1,-1
dawn,4,1,3,-2
sole,4,2,2,0
upcoming,8,5,3,2
hangout,25,23,2,21
blogs,1,0,1,-1
seats,38,9,29,-20
guitarists,1,0,1,-1
pushover,2,1,1,0
juicy,1,1,0,1
untreated,1,1,0,1
sarles,3,0,3,-3
useless,28,1,27,-26
omniromantic,1,0,1,-1
park,70,28,42,-14
smoothies,3,3,0,3
babybell,1,0,1,-1
omega,2,1,1,0
downhill,4,1,3,-2
damaged,3,1,2,-1
zippe,1,0,1,-1
licenses,2,0,2,-2
programs,2,1,1,0
selfless,6,0,6,-6
ralph,2,2,0,2
gaslighting,4,1,3,-2
chores,8,1,7,-6
freepeople,2,0,2,-2
pup,8,1,7,-6
workbench,2,2,0,2
bolder,1,1,0,1
halftime,1,0,1,-1
retribution,1,0,1,-1
substantial,1,0,1,-1
hyping,3,2,1,1
tighter,3,2,1,1
overcompensate,1,0,1,-1
shredders,1,0,1,-1
proven,22,10,12,-2
dysphoria,18,11,7,4
cried,54,27,27,0
fall,72,24,48,-24
jave,1,1,0,1
mmis,1,1,0,1
breed,29,5,24,-19
quotes,3,1,2,-1
boycotted,2,2,0,2
enlightened,3,3,0,3
polished,5,5,0,5
irredeemable,1,1,0,1
kd,4,4,0,4
painted,20,13,7,6
bombarding,1,0,1,-1
es,1,0,1,-1
infinite,7,5,2,3
pricing,8,0,8,-8
gravitated,1,0,1,-1
teller,1,1,0,1
peeing,13,2,11,-9
begrudging,2,0,2,-2
leashes,11,7,4,3
site,10,6,4,2
verbally,4,0,4,-4
reflective,5,5,0,5
comment,57,29,28,1
peeves,1,0,1,-1
nono,6,6,0,6
amputated,1,0,1,-1
minimal,12,4,8,-4
ode,1,0,1,-1
teriyaki,4,1,3,-2
thelin,1,0,1,-1
peppers,1,0,1,-1
clasps,4,2,2,0
indignant,2,0,2,-2
parade,5,2,3,-1
upstage,1,0,1,-1
pros,27,11,16,-5
decompression,1,1,0,1
hopes,19,9,10,-1
cleanse,1,1,0,1
bluetooth,14,2,12,-10
icons,1,1,0,1
rents,3,1,2,-1
dyed,2,1,1,0
woken,6,3,3,0
shannon,2,0,2,-2
howatt,1,1,0,1
eastern,4,1,3,-2
absurd,63,16,47,-31
affleck,1,0,1,-1
peers,2,1,1,0
categories,51,12,39,-27
sprinkle,5,0,5,-5
pubescent,4,4,0,4
stable,13,7,6,1
jinbe,1,0,1,-1
sa,4,4,0,4
wormer,1,0,1,-1
immaculate,1,1,0,1
syllable,10,3,7,-4
flashes,3,0,3,-3
measures,2,2,0,2
curling,1,0,1,-1
aesthetic,14,10,4,6
reenactment,1,0,1,-1
bcda,1,1,0,1
multicolor,1,0,1,-1
guessed,38,21,17,4
enforce,2,1,1,0
yarns,1,0,1,-1
tentative,3,2,1,1
terrifying,15,6,9,-3
quitting,28,12,16,-4
vashon,3,1,2,-1
eaters,1,0,1,-1
misled,2,1,1,0
fire,25,11,14,-3
mentioned,81,25,56,-31
intended,11,6,5,1
axel,5,0,5,-5
uninvited,3,2,1,1
ohhh,58,50,8,42
femmes,1,0,1,-1
milo,42,11,31,-20
transcendental,2,2,0,2
beneficial,1,1,0,1
convinces,2,0,2,-2
storerooms,1,0,1,-1
sadie,1,0,1,-1
overwhelming,17,8,9,-1
grips,1,0,1,-1
carefully,12,6,6,0
ditched,1,1,0,1
estradiol,11,6,5,1
emphasizing,2,0,2,-2
tufasboulderlounge,1,0,1,-1
aquarium,11,5,6,-1
astronaut,6,3,3,0
nap,35,13,22,-9
sprinters,7,3,4,-1
taboo,4,4,0,4
bottling,1,1,0,1
neutrally,1,0,1,-1
godzillas,3,1,2,-1
advantage,35,17,18,-1
pb,2,1,1,0
ineffective,2,0,2,-2
outline,1,0,1,-1
florida,17,4,13,-9
passengers,3,3,0,3
grave,8,3,5,-2
parker,5,2,3,-1
thick,17,2,15,-13
booties,2,2,0,2
distances,1,1,0,1
tamsin,5,0,5,-5
anxiously,2,2,0,2
retrieval,1,1,0,1
approximation,1,0,1,-1
partial,2,1,1,0
scribble,1,1,0,1
scenic,1,1,0,1
mmmmmmmmm,1,0,1,-1
crimed,4,3,1,2
deployed,1,0,1,-1
unsupervised,4,1,3,-2
masonjarnson,1,0,1,-1
rained,11,3,8,-5
weirding,1,1,0,1
abercrombie,2,0,2,-2
alma,1,1,0,1
crumbs,3,0,3,-3
scratched,4,1,3,-2
setup,36,29,7,22
imagining,21,18,3,15
gym,917,337,580,-243
adhesive,5,2,3,-1
raffle,4,3,1,2
lovably,1,1,0,1
ditches,1,0,1,-1
leathercarft,2,0,2,-2
reaction,52,26,26,0
atheists,1,0,1,-1
supplemental,3,1,2,-1
rescue,22,7,15,-8
relations,1,1,0,1
nevermind,7,4,3,1
plush,1,1,0,1
remained,2,1,1,0
mallory,3,3,0,3
overemotional,1,0,1,-1
capped,3,2,1,1
moth,2,0,2,-2
desire,16,11,5,6
moe,8,1,7,-6
foam,11,6,5,1
biscuit,12,0,12,-12
doorknob,1,1,0,1
coming,242,105,137,-32
lounge,6,2,4,-2
eo,1,1,0,1
fresh,30,12,18,-6
skate,5,4,1,3
combined,17,11,6,5
improves,1,1,0,1
heyyyyyyy,1,1,0,1
shaver,1,0,1,-1
fumed,2,0,2,-2
wartime,1,1,0,1
tumblr,1,1,0,1
nevada,4,2,2,0
grain,3,1,2,-1
european,2,1,1,0
recital,1,0,1,-1
substitition,1,1,0,1
giddy,2,2,0,2
shifts,39,8,31,-23
ween,1,1,0,1
stans,3,3,0,3
technician,1,0,1,-1
memoir,3,0,3,-3
runners,7,4,3,1
haircut,41,21,20,1
wristlet,2,2,0,2
potentials,1,1,0,1
tenants,1,1,0,1
relatable,48,10,38,-28
gears,5,1,4,-3
carve,3,2,1,1
cannibalism,1,0,1,-1
delicately,4,1,3,-2
wrongs,1,0,1,-1
kira,11,7,4,3
variance,1,1,0,1
elevate,2,2,0,2
earle,1,1,0,1
superdress,3,3,0,3
slayyy,1,1,0,1
worms,1,0,1,-1
rewound,1,0,1,-1
stumped,1,0,1,-1
nonholiday,1,0,1,-1
tm,2,0,2,-2
cdfa,1,0,1,-1
supple,2,2,0,2
unlovable,3,1,2,-1
moonboard,10,2,8,-6
hoody,10,1,9,-8
hahhahahaha,2,2,0,2
optimistically,1,1,0,1
buster,2,1,1,0
deductible,1,1,0,1
muscley,1,1,0,1
coop,1,1,0,1
horrifyingly,1,0,1,-1
breakers,4,2,2,0
finance,2,2,0,2
ambidexterity,1,1,0,1
postponing,1,0,1,-1
sudoku,10,7,3,4
follicles,3,1,2,-1
fyp,11,1,10,-9
figs,3,3,0,3
waters,2,1,1,0
grandmas,13,13,0,13
demonstrates,2,0,2,-2
highway,3,1,2,-1
moon,1227,351,876,-525
prompt,10,1,9,-8
updating,2,0,2,-2
boyish,3,3,0,3
subcommunity,3,2,1,1
busses,2,2,0,2
ronin,1,1,0,1
fugitive,1,1,0,1
dfaa,1,1,0,1
dishwasher,8,2,6,-4
soggy,1,0,1,-1
assistant,30,18,12,6
retired,7,3,4,-1
bfbc,1,1,0,1
defines,1,1,0,1
carnival,1,0,1,-1
ambulance,1,0,1,-1
view,33,15,18,-3
fae,2,2,0,2
rebranding,3,2,1,1
rodman,5,3,2,1
data,75,64,11,53
steep,8,2,6,-4
gear,17,7,10,-3
sewing,6,3,3,0
gene,21,8,13,-5
cuties,2,2,0,2
snug,41,4,37,-33
violating,1,0,1,-1
title,59,23,36,-13
pulls,19,5,14,-9
plagiarism,4,3,1,2
k,31,10,21,-11
vas,2,0,2,-2
worthy,3,0,3,-3
columbia,2,2,0,2
crime,23,5,18,-13
asian,12,4,8,-4
carries,10,8,2,6
generalizations,1,1,0,1
getting,595,279,316,-37
snarly,1,0,1,-1
relieve,2,1,1,0
booty,1,1,0,1
lovable,10,4,6,-2
demo,26,8,18,-10
kinky,3,2,1,1
isolator,1,1,0,1
em,12,4,8,-4
accessed,3,2,1,1
liana,1,0,1,-1
rectangles,2,2,0,2
autoplayed,2,2,0,2
seth,1,1,0,1
need,1272,636,636,0
bitterness,2,1,1,0
jeff,8,1,7,-6
ffde,2,2,0,2
handle,88,35,53,-18
syringe,3,1,2,-1
troubling,3,3,0,3
volunteer,7,1,6,-5
accountable,1,1,0,1
hallway,8,1,7,-6
saul,11,8,3,5
circus,6,2,4,-2
judah,4,4,0,4
sawhorses,3,0,3,-3
bulkier,1,1,0,1
meets,9,3,6,-3
costar,4,3,1,2
buyer,2,0,2,-2
placeholder,2,2,0,2
mika,1,0,1,-1
velcro,5,4,1,3
will,1917,1007,910,97
thrones,1,0,1,-1
eyes,125,54,71,-17
lic,1,0,1,-1
harass,3,2,1,1
snuck,13,3,10,-7
characteristics,2,2,0,2
brass,31,6,25,-19
stores,8,5,3,2
kurtis,16,2,14,-12
cafeteria,1,0,1,-1
stern,1,1,0,1
birdingtiktok,1,0,1,-1
story,432,195,237,-42
stacking,2,0,2,-2
bound,7,4,3,1
baffling,4,1,3,-2
tsuki,1,1,0,1
godforsaken,1,0,1,-1
sourceless,1,1,0,1
detailed,10,1,9,-8
lyricists,2,2,0,2
font,5,1,4,-3
plugged,9,3,6,-3
nothing,422,147,275,-128
graffiti,1,1,0,1
winner,3,0,3,-3
bathed,2,2,0,2
plant,18,6,12,-6
yyes,8,7,1,6
glee,2,0,2,-2
throat,7,6,1,5
virtue,1,1,0,1
formerly,2,2,0,2
cupboards,1,0,1,-1
subconscious,1,1,0,1
imperfections,1,1,0,1
awful,118,45,73,-28
yoga,27,5,22,-17
wouldn't,2,2,0,2
fashionably,1,1,0,1
friends,726,379,347,32
pointier,2,0,2,-2
bcrautomotiveinc,1,0,1,-1
fading,2,0,2,-2
boat,15,6,9,-3
transpositions,1,1,0,1
setting,282,62,220,-158
continuing,14,8,6,2
empire,8,1,7,-6
towel,11,7,4,3
refrigerant,1,0,1,-1
routesetter,25,12,13,-1
bruce,3,0,3,-3
intersect,1,1,0,1
tap,2,0,2,-2
bonding,7,6,1,5
risks,2,2,0,2
force,28,6,22,-16
singled,1,1,0,1
insignificant,7,3,4,-1
unbothered,1,0,1,-1
spacing,1,1,0,1
structure,8,4,4,0
hateee,1,1,0,1
cell,27,4,23,-19
errand,3,2,1,1
polaroids,1,0,1,-1
fakest,3,1,2,-1
deceived,1,0,1,-1
unsurprisingly,3,1,2,-1
kong,6,4,2,2
doubting,1,1,0,1
dobby,2,0,2,-2
mend,1,1,0,1
horror,22,20,2,18
antivaxers,1,0,1,-1
effortlessly,4,1,3,-2
elma,1,0,1,-1
motherly,2,1,1,0
amanda,3,1,2,-1
idk,267,237,30,207
sealant,16,5,11,-6
sandwiches,4,0,4,-4
translates,2,2,0,2
birthdays,16,12,4,8
handbag,5,3,2,1
sucking,12,7,5,2
vancillary,2,0,2,-2
cfx,1,0,1,-1
resell,2,1,1,0
tinkaton,1,1,0,1
bioavailable,1,0,1,-1
designing,6,5,1,4
pagliacci,1,0,1,-1
ask,727,319,408,-89
visible,18,7,11,-4
worded,3,3,0,3
basic,24,10,14,-4
reciept,1,1,0,1
ensures,1,0,1,-1
kenyan,1,1,0,1
kiola,2,0,2,-2
cape,1,0,1,-1
needed,228,74,154,-80
parking,70,14,56,-42
pump,15,3,12,-9
autism,29,9,20,-11
schedules,4,2,2,0
standings,1,1,0,1
coordination,3,1,2,-1
prageru,1,1,0,1
morpheus,2,0,2,-2
submit,5,3,2,1
filtering,1,0,1,-1
flaps,1,0,1,-1
alternated,1,0,1,-1
truck,47,25,22,3
pace,15,10,5,5
soooo,72,46,26,20
sleater,2,2,0,2
david,23,18,5,13
venn,5,1,4,-3
min,25,22,3,19
mayhem,6,0,6,-6
hahahha,1,1,0,1
vitrification,1,0,1,-1
esther,102,29,73,-44
tragically,7,5,2,3
existential,3,1,2,-1
snowball,2,2,0,2
metab,1,0,1,-1
exclusivity,1,0,1,-1
affirmations,1,1,0,1
wrap,28,12,16,-4
kicked,8,4,4,0
constrained,1,0,1,-1
shifter,2,1,1,0
ribs,4,3,1,2
catalog,2,1,1,0
damnit,1,1,0,1
sternum,9,4,5,-1
mergerecords,1,0,1,-1
mixing,9,5,4,1
cutout,5,1,4,-3
wdym,5,5,0,5
signatures,3,3,0,3
afab,5,4,1,3
apartment,39,12,27,-15
kaciesvanlife,4,0,4,-4
extravagant,2,2,0,2
implant,10,4,6,-2
seam,7,0,7,-7
picnic,2,2,0,2
microagression,1,0,1,-1
huffing,2,2,0,2
directions,15,6,9,-3
cuddliest,2,1,1,0
judaism,2,2,0,2
freebie,2,1,1,0
disco,5,1,4,-3
professional,46,21,25,-4
romcoms,1,1,0,1
cg,1,1,0,1
prefer,78,31,47,-16
doggroomer,1,0,1,-1
unaligned,1,1,0,1
mailing,1,0,1,-1
grossed,3,3,0,3
siiiiick,1,1,0,1
scheduling,15,4,11,-7
veronica,2,2,0,2
birder,1,0,1,-1
howls,2,2,0,2
rando,3,2,1,1
spraying,1,0,1,-1
milking,1,0,1,-1
braver,3,2,1,1
machine,27,14,13,1
camp,25,6,19,-13
became,46,19,27,-8
transferred,2,0,2,-2
nail,13,4,9,-5
newer,14,5,9,-4
thorn,1,0,1,-1
soulwire,4,4,0,4
pleasurable,1,1,0,1
geotagged,1,1,0,1
steeper,1,0,1,-1
funnier,21,8,13,-5
fdaa,1,0,1,-1
outskirts,1,1,0,1
squirrel,6,0,6,-6
ah,132,108,24,84
searched,13,3,10,-7
katie,30,11,19,-8
focuses,2,1,1,0
pippin,1,0,1,-1
nazi,1,0,1,-1
seamless,2,0,2,-2
dialect,1,1,0,1
engrained,1,0,1,-1
medication,42,33,9,24
pearse,11,11,0,11
earned,15,10,5,5
mud,6,4,2,2
scampi,6,4,2,2
todds,1,0,1,-1
comprehending,3,0,3,-3
overrated,5,1,4,-3
concentrations,2,0,2,-2
beer,20,11,9,2
silicone,7,5,2,3
acidifies,1,1,0,1
aerosmith,1,0,1,-1
hypnotized,1,1,0,1
faux,3,3,0,3
clementine,1,1,0,1
crimers,1,0,1,-1
fabulous,2,2,0,2
unfortunate,82,64,18,46
overhear,1,0,1,-1
gaslit,2,1,1,0
fame,2,1,1,0
blindly,1,0,1,-1
dealbreakers,4,2,2,0
deciliters,1,0,1,-1
kink,3,3,0,3
armeen,4,1,3,-2
leap,2,0,2,-2
bao,1,1,0,1
bishop,17,2,15,-13
lbm,2,2,0,2
orangutan,1,1,0,1
bri,1,1,0,1
couldn,297,110,187,-77
symbolic,2,2,0,2
fik,1,1,0,1
healthier,4,2,2,0
validation,8,7,1,6
lifeline,1,1,0,1
teenage,9,5,4,1
compartments,2,2,0,2
groomer,5,0,5,-5
unhealthy,7,4,3,1
movje,1,1,0,1
risky,3,1,2,-1
indent,2,1,1,0
charlie,13,1,12,-11
caution,1,0,1,-1
invent,5,4,1,3
versatiles,5,4,1,3
freeheld,1,1,0,1
atop,1,0,1,-1
squaresn,1,1,0,1
ultimatum,2,0,2,-2
period,51,20,31,-11
injures,1,0,1,-1
lended,1,0,1,-1
afternoon,32,12,20,-8
dachshunds,1,0,1,-1
approached,4,3,1,2
statements,7,2,5,-3
accommodating,4,2,2,0
bffb,1,1,0,1
going,1095,549,546,3
readings,1,1,0,1
ramsay,3,3,0,3
hm,29,2,27,-25
wrong,635,224,411,-187
bun,5,0,5,-5
frilly,3,0,3,-3
bathrobe,2,0,2,-2
supplier,1,0,1,-1
background,31,13,18,-5
spreadsheets,4,3,1,2
center,26,15,11,4
protests,1,0,1,-1
somewheee,1,1,0,1
nauseating,2,2,0,2
coastal,6,2,4,-2
fastest,7,3,4,-1
reprimanding,1,0,1,-1
sitcom,2,2,0,2
brule,2,1,1,0
silvers,2,2,0,2
resetting,3,0,3,-3
favors,7,4,3,1
worrying,4,1,3,-2
dtlabikes,1,1,0,1
naps,4,0,4,-4
phily,1,0,1,-1
pinterests,1,0,1,-1
salaried,2,1,1,0
safesport,1,0,1,-1
medicated,7,7,0,7
laminating,1,1,0,1
applied,16,8,8,0
hundred,13,11,2,9
recent,61,31,30,1
nicer,43,13,30,-17
vibe,80,52,28,24
baxter,4,3,1,2
posts,28,13,15,-2
aita,1,1,0,1
extra,296,105,191,-86
melia,3,0,3,-3
lyman,1,0,1,-1
classist,1,0,1,-1
tons,0,0,0,0
justifiable,1,1,0,1
outraged,13,1,12,-11
jealously,1,1,0,1
takeout,4,0,4,-4
osha,1,0,1,-1
hotness,4,4,0,4
monopoly,6,3,3,0
mozart,1,1,0,1
snack,20,4,16,-12
reptiles,2,0,2,-2
momentum,23,6,17,-11
hvpone,1,0,1,-1
stairs,40,14,26,-12
appoint,1,1,0,1
that,18361,8080,10281,-2201
miss,106,67,39,28
progrsssive,1,1,0,1
leader,4,3,1,2
duffel,1,0,1,-1
meters,5,2,3,-1
samantha,1,0,1,-1
talk,550,323,227,96
amandahayxo,1,0,1,-1
tangentially,12,8,4,4
explotive,1,1,0,1
evacuated,1,0,1,-1
meaner,2,1,1,0
brightened,1,1,0,1
drew,26,10,16,-6
benefits,18,8,10,-2
camera,48,26,22,4
ins,5,1,4,-3
helped,27,12,15,-3
doesn,1362,491,871,-380
momoa,6,6,0,6
hop,8,6,2,4
abstain,1,1,0,1
compound,5,2,3,-1
enforced,1,0,1,-1
antagonistic,4,2,2,0
maternity,1,0,1,-1
lifespans,1,0,1,-1
tomato,7,3,4,-1
menstrual,4,1,3,-2
interpret,7,5,2,3
sorting,1,1,0,1
rompers,1,0,1,-1
excusable,1,1,0,1
boooored,1,1,0,1
butthole,1,0,1,-1
nosebleeds,1,1,0,1
dating,338,197,141,56
hurts,53,26,27,-1
boiled,3,2,1,1
havelockwool,1,1,0,1
bdcf,1,1,0,1
officer,2,0,2,-2
litime,3,0,3,-3
examines,1,0,1,-1
stares,11,6,5,1
woud,2,2,0,2
johson,1,0,1,-1
campervan,4,0,4,-4
moncada,1,0,1,-1
personified,2,2,0,2
tencel,1,1,0,1
sacautomex,1,0,1,-1
michal,26,2,24,-22
cacti,2,0,2,-2
officials,1,0,1,-1
muscles,31,10,21,-11
lalitree,3,3,0,3
duvet,1,1,0,1
acne,1,0,1,-1
candle,3,0,3,-3
wormings,1,0,1,-1
yuh,1,1,0,1
pissed,14,12,2,10
invention,6,5,1,4
wren,4,2,2,0
titles,15,7,8,-1
sweater,33,10,23,-13
splitting,6,1,5,-4
wallowing,1,0,1,-1
culinary,1,0,1,-1
carrots,4,4,0,4
youre,8,8,0,8
aecb,1,1,0,1
disabled,2,0,2,-2
jacobkalashnikoff,1,0,1,-1
brents,1,1,0,1
significance,4,1,3,-2
enthralling,1,1,0,1
photos,86,42,44,-2
mercilessly,1,1,0,1
hover,2,0,2,-2
lift,9,5,4,1
threesome,2,2,0,2
important,175,53,122,-69
narcissistic,3,3,0,3
scold,10,3,7,-4
boyhood,1,1,0,1
flamingo,1,1,0,1
neglect,1,0,1,-1
mr,10,2,8,-6
ve,2587,1095,1492,-397
statistics,4,4,0,4
wyd,3,3,0,3
gotcha,33,33,0,33
filing,4,3,1,2
rodrigo,2,0,2,-2
pharmac,1,1,0,1
infant,2,1,1,0
lube,4,2,2,0
controlled,4,2,2,0
cw,1,0,1,-1
mummified,1,0,1,-1
tummy,29,7,22,-15
circumference,2,1,1,0
they,5534,2074,3460,-1386
display,6,4,2,2
outghosts,1,1,0,1
salt,52,14,38,-24
showered,5,3,2,1
web,4,2,2,0
compact,5,0,5,-5
crouched,1,0,1,-1
stew,2,0,2,-2
camping,32,9,23,-14
correct,64,29,35,-6
anthropocene,2,2,0,2
ora,1,1,0,1
gours,1,0,1,-1
smocked,3,0,3,-3
canopy,2,1,1,0
regrettably,1,0,1,-1
babygirl,1,1,0,1
kindness,1,0,1,-1
littered,1,1,0,1
millimeters,1,0,1,-1
stung,2,0,2,-2
pringles,1,1,0,1
lmaoooooo,1,1,0,1
sucker,3,1,2,-1
some,1412,541,871,-330
glider,3,1,2,-1
fangs,2,0,2,-2
embarassing,20,20,0,20
request,29,9,20,-11
dolphin,3,2,1,1
weirdest,28,13,15,-2
sooooooooooooo,1,1,0,1
sorry,591,312,279,33
asher,1,0,1,-1
visionary,1,1,0,1
disappointing,17,5,12,-7
backseat,5,4,1,3
winter,22,7,15,-8
student,29,11,18,-7
polka,3,0,3,-3
offends,1,0,1,-1
curb,8,3,5,-2
autobiography,1,1,0,1
dryer,7,1,6,-5
taxation,1,1,0,1
token,3,2,1,1
nonesense,1,1,0,1
collecting,2,1,1,0
parentheses,3,0,3,-3
portability,1,1,0,1
irreparable,4,1,3,-2
bouldertok,1,0,1,-1
commiserated,1,0,1,-1
theoretically,55,13,42,-29
occupying,1,1,0,1
cryptic,6,3,3,0
performance,43,19,24,-5
bridgecrowley,1,0,1,-1
ifkkk,1,1,0,1
lifting,11,4,7,-3
funeral,15,5,10,-5
navy,11,4,7,-3
intermission,2,0,2,-2
dim,1,0,1,-1
estabon,13,13,0,13
covetiquette,1,0,1,-1
justification,3,3,0,3
equal,21,13,8,5
overthinker,1,0,1,-1
triathlon,1,0,1,-1
payments,11,3,8,-5
asana,1,1,0,1
pitcher,1,1,0,1
screwdrivers,1,1,0,1
lopez,7,3,4,-1
saint,0,0,0,0
harding,2,1,1,0
groomed,2,2,0,2
maggot,2,1,1,0
fracturing,1,0,1,-1
gird,1,0,1,-1
campused,1,0,1,-1
animals,34,22,12,10
diplomatic,3,2,1,1
compilation,1,1,0,1
earful,1,0,1,-1
released,50,12,38,-26
true,680,388,292,96
intruder,3,0,3,-3
heics,2,1,1,0
consciousness,2,1,1,0
winthrop,1,0,1,-1
rub,11,5,6,-1
baea,1,1,0,1
medications,12,7,5,2
flavored,1,0,1,-1
schwab,2,0,2,-2
demotion,1,0,1,-1
childlike,6,6,0,6
escalada,1,0,1,-1
finding,60,25,35,-10
tounges,1,1,0,1
dvd,2,0,2,-2
program,19,3,16,-13
sluts,1,1,0,1
between,323,133,190,-57
cleo,3,0,3,-3
shore,13,3,10,-7
scampy,2,1,1,0
houndour,2,2,0,2
oceans,15,6,9,-3
robert,3,1,2,-1
meet,128,52,76,-24
ginza,1,0,1,-1
look,869,432,437,-5
thousand,6,5,1,4
purchasing,4,0,4,-4
infographic,1,0,1,-1
fam,1,0,1,-1
mibextid,1,0,1,-1
pull,105,26,79,-53
musician,7,4,3,1
hommie,3,3,0,3
scrapped,2,2,0,2
orien,1,0,1,-1
zombies,8,3,5,-2
conclusions,3,1,2,-1
figured,113,33,80,-47
traumatized,2,0,2,-2
mileage,10,5,5,0
gatekeeping,4,2,2,0
space,163,52,111,-59
scored,12,4,8,-4
relistened,1,1,0,1
simon,2,1,1,0
traveled,3,0,3,-3
distracting,4,3,1,2
plaid,4,0,4,-4
judgy,3,1,2,-1
lacey,3,0,3,-3
leadership,1,0,1,-1
cleaner,3,1,2,-1
footnote,2,0,2,-2
thsi,1,0,1,-1
kinney,2,2,0,2
ply,5,5,0,5
divorces,2,1,1,0
selecting,2,1,1,0
peggy,1,0,1,-1
holly,7,6,1,5
nymph,1,0,1,-1
faing,1,0,1,-1
michelin,2,1,1,0
sink,23,3,20,-17
else,368,130,238,-108
clogging,1,0,1,-1
hawke,5,4,1,3
agnostic,1,1,0,1
prove,26,15,11,4
touch,90,27,63,-36
ssris,6,2,4,-2
suppresses,1,0,1,-1
insight,8,2,6,-4
poppy,3,1,2,-1
divorce,30,16,14,2
certification,5,1,4,-3
rapidly,4,3,1,2
widening,1,0,1,-1
linus,6,2,4,-2
greenwood,3,2,1,1
ih,1,1,0,1
swishers,1,1,0,1
glimpse,4,2,2,0
lululemon,12,4,8,-4
slaps,1,0,1,-1
inquiring,1,1,0,1
jeany,1,1,0,1
shrooms,1,1,0,1
dew,1,0,1,-1
whack,1,0,1,-1
respecting,2,0,2,-2
executed,1,0,1,-1
astronomically,3,0,3,-3
ut,4,2,2,0
bowls,6,3,3,0
division,3,2,1,1
pumping,1,0,1,-1
fedc,1,1,0,1
societal,9,6,3,3
properly,18,13,5,8
fundamentally,12,5,7,-2
awwwwwwwwwww,1,1,0,1
bdbe,1,0,1,-1
overpaid,2,0,2,-2
breakdancing,1,1,0,1
adaptions,1,0,1,-1
generations,1,1,0,1
things,1272,551,721,-170
pure,13,10,3,7
needle,7,2,5,-3
urinals,2,0,2,-2
streams,6,2,4,-2
cortical,1,1,0,1
idea,435,179,256,-77
caused,20,6,14,-8
jennifer,5,5,0,5
certifications,4,0,4,-4
subsection,1,1,0,1
nostalgia,1,1,0,1
who's,1,0,1,-1
straw,13,6,7,-1
statue,6,5,1,4
godowski,1,1,0,1
boredom,2,0,2,-2
whiskey,4,3,1,2
pickle,12,7,5,2
jokes,22,8,14,-6
foryoupage,3,1,2,-1
send,360,154,206,-52
blowing,10,4,6,-2
racist,16,5,11,-6
choice,156,46,110,-64
boots,37,16,21,-5
enabling,3,2,1,1
remastered,8,8,0,8
shivers,1,0,1,-1
virtually,2,1,1,0
highs,1,1,0,1
gyms,104,40,64,-24
appears,16,3,13,-10
scissor,9,1,8,-7
turner,3,3,0,3
dynos,3,1,2,-1
crying,77,30,47,-17
withdrawal,2,0,2,-2
moisturize,1,0,1,-1
reset,12,4,8,-4
gaming,1,1,0,1
fuses,9,7,2,5
flushes,1,0,1,-1
unemployed,20,13,7,6
paraphrased,1,0,1,-1
tonigh,1,0,1,-1
caved,4,1,3,-2
condense,2,0,2,-2
wonky,4,1,3,-2
mommy,2,2,0,2
haunt,2,0,2,-2
bras,26,9,17,-8
mmm,59,55,4,51
kcid,1,0,1,-1
brood,1,0,1,-1
weathering,1,1,0,1
chickens,7,1,6,-5
buzzcut,1,1,0,1
graying,1,1,0,1
provoke,1,1,0,1
opportunities,7,4,3,1
tablets,4,4,0,4
puppylockedmeout,1,1,0,1
tenant,2,1,1,0
cornered,3,2,1,1
queers,7,5,2,3
avocado,5,2,3,-1
thebellairs's,1,0,1,-1
poison,4,2,2,0
injuries,5,1,4,-3
mache,2,0,2,-2
oreilly,3,1,2,-1
turns,152,42,110,-68
tensions,1,0,1,-1
boundary,3,1,2,-1
alarmed,5,2,3,-1
sterling,3,0,3,-3
refute,1,1,0,1
height,44,22,22,0
backtraced,1,1,0,1
cents,14,1,13,-12
aa,2,1,1,0
purpose,65,8,57,-49
distributer,1,0,1,-1
albums,45,13,32,-19
treatment,6,3,3,0
teams,6,5,1,4
jumps,6,4,2,2
disillusioned,1,1,0,1
attacked,10,1,9,-8
cannon,1,0,1,-1
invoice,1,0,1,-1
mediums,1,0,1,-1
brody,10,3,7,-4
poop,28,1,27,-26
revel,5,0,5,-5
sticking,9,3,6,-3
semifinals,1,0,1,-1
nonfiction,1,1,0,1
phoebe,43,7,36,-29
hurting,11,5,6,-1
documents,1,1,0,1
segregationy,1,1,0,1
hmmmm,1,1,0,1
confusingly,3,0,3,-3
opening,36,14,22,-8
highness,1,1,0,1
straightforward,4,0,4,-4
rashes,2,0,2,-2
years,583,226,357,-131
weakly,2,1,1,0
signaling,3,1,2,-1
pregnant,25,5,20,-15
wlly,1,1,0,1
ffm,1,1,0,1
annoyingly,8,3,5,-2
koi,15,4,11,-7
seriously,25,14,11,3
beac,2,1,1,0
abdf,2,1,1,0
response,82,43,39,4
investigators,1,1,0,1
cd,6,3,3,0
gaston,6,0,6,-6
sunday,98,29,69,-40
aliexpress,3,0,3,-3
tigers,2,0,2,-2
nice,800,371,429,-58
widths,1,0,1,-1
milwaukee,4,1,3,-2
medically,6,3,3,0
solving,10,4,6,-2
wire,36,15,21,-6
sports,91,18,73,-55
discrepancy,1,0,1,-1
weighs,8,1,7,-6
spell,35,15,20,-5
becomes,42,24,18,6
employee,53,14,39,-25
study,35,14,21,-7
cemeteries,1,0,1,-1
definitive,2,1,1,0
densest,1,0,1,-1
maybe,1893,889,1004,-115
pockets,34,16,18,-2
declined,6,1,5,-4
patience,10,5,5,0
passive,20,8,12,-4
sponsored,5,1,4,-3
harnesses,5,4,1,3
beige,2,1,1,0
preempt,2,0,2,-2
shirt,197,72,125,-53
spine,5,3,2,1
jaw,9,4,5,-1
flowers,11,5,6,-1
memoriam,1,1,0,1
highrise,1,0,1,-1
flauntcases,1,0,1,-1
distrustful,1,0,1,-1
walls,71,20,51,-31
literate,3,2,1,1
permanent,7,5,2,3
bfbf,1,1,0,1
woke,58,36,22,14
clubs,1,0,1,-1
sugar,6,2,4,-2
sending,93,47,46,1
twos,1,1,0,1
knot,4,1,3,-2
escape,28,8,20,-12
scammed,14,5,9,-4
filling,15,7,8,-1
spaghetti,6,3,3,0
runway,1,1,0,1
dainty,2,0,2,-2
geographer,1,0,1,-1
excuse,41,17,24,-7
amy,17,7,10,-3
put,628,254,374,-120
streep,1,0,1,-1
insulting,5,3,2,1
bcame,1,1,0,1
surpassing,1,0,1,-1
omgomg,1,1,0,1
gayer,1,1,0,1
reeelleee,1,0,1,-1
particular,55,32,23,9
predators,2,1,1,0
syllables,11,3,8,-5
protonate,1,0,1,-1
weaponize,1,1,0,1
edde,1,1,0,1
custom,20,11,9,2
sizing,5,3,2,1
worthwhile,1,1,0,1
adaptation,1,0,1,-1
horrify,1,1,0,1
cottagecore,1,1,0,1
rated,7,4,3,1
repossessed,1,1,0,1
preferred,25,10,15,-5
replacements,3,2,1,1
resolved,4,3,1,2
passions,3,0,3,-3
scarification,1,1,0,1
suppository,1,1,0,1
assigning,6,1,5,-4
multifunction,1,1,0,1
juice,32,17,15,2
als,1,0,1,-1
coveralls,6,5,1,4
aftermath,1,0,1,-1
differentiating,1,1,0,1
equally,16,10,6,4
privilege,9,8,1,7
dumbass,3,3,0,3
normal,312,169,143,26
craigslist,57,8,49,-41
unnamed,1,1,0,1
jfc,1,1,0,1
sexism,10,4,6,-2
anecdotes,1,1,0,1
hazard,4,2,2,0
says,612,202,410,-208
vampirey,1,0,1,-1
smart,91,49,42,7
phineas,0,0,0,0
bbeb,1,1,0,1
surger,1,0,1,-1
reassembly,1,1,0,1
lumedeodorant,1,0,1,-1
recognize,48,28,20,8
body,206,108,98,10
cara,4,3,1,2
isolation,3,1,2,-1
collaborating,2,0,2,-2
mountaineering,1,1,0,1
telling,250,90,160,-70
crash,42,14,28,-14
match,44,14,30,-16
heterochromia,1,1,0,1
sooon,1,1,0,1
consciously,8,3,5,-2
thus,3,1,2,-1
concentration,4,3,1,2
alchemy,3,3,0,3
adae,1,0,1,-1
las,1,1,0,1
yvonne,3,2,1,1
half,337,95,242,-147
believe,382,155,227,-72
manageable,3,1,2,-1
fancier,1,0,1,-1
nurses,7,2,5,-3
wearing,136,60,76,-16
headshot,2,0,2,-2
aebf,2,2,0,2
rom,1,0,1,-1
godfather,2,2,0,2
flowergirlwitch,4,4,0,4
thinner,6,4,2,2
strapless,1,0,1,-1
projects,27,8,19,-11
jest,3,3,0,3
pic,102,89,13,76
waning,1,1,0,1
jarrid,17,1,16,-15
jesse,5,1,4,-3
maze,1,0,1,-1
altogether,17,5,12,-7
cracks,4,1,3,-2
ereader,1,0,1,-1
his,2416,849,1567,-718
ven,1,1,0,1
kept,93,24,69,-45
vhb,1,0,1,-1
unglue,1,0,1,-1
rely,6,4,2,2
musical,17,5,12,-7
decently,7,5,2,3
chunks,2,0,2,-2
morgan,46,10,36,-26
floods,1,1,0,1
phobia,2,1,1,0
thsuk,1,1,0,1
unsolicited,1,0,1,-1
suffices,2,0,2,-2
sodium,7,1,6,-5
fool,8,5,3,2
crush,44,26,18,8
bottom,87,33,54,-21
endlessly,2,0,2,-2
forest,6,3,3,0
jostled,1,0,1,-1
factor,20,12,8,4
bandaid,4,2,2,0
climber,82,32,50,-18
unscented,6,3,3,0
monogamist,2,2,0,2
potato,6,2,4,-2
egotistical,1,1,0,1
presently,3,2,1,1
parkprojects,1,1,0,1
john,1775,657,1118,-461
forgiveness,1,1,0,1
heartily,1,1,0,1
audience,10,6,4,2
shoeless,1,1,0,1
stalls,1,0,1,-1
dreamed,6,5,1,4
jnvolved,1,0,1,-1
son,29,12,17,-5
stylistic,1,1,0,1
fave,12,12,0,12
federations,1,0,1,-1
ankle,22,9,13,-4
ladder,34,8,26,-18
intrigue,1,0,1,-1
finland,11,6,5,1
hvlocint,1,0,1,-1
uva,1,1,0,1
understand,269,169,100,69
sprinted,1,0,1,-1
sushi,23,4,19,-15
dumbest,13,5,8,-3
predicting,4,3,1,2
ehhhh,2,2,0,2
myrname,1,0,1,-1
providing,9,2,7,-5
actors,9,6,3,3
roping,2,1,1,0
guns,2,1,1,0
continuity,1,1,0,1
command,11,1,10,-9
reflex,1,0,1,-1
cancellers,3,1,2,-1
covers,34,16,18,-2
melts,2,0,2,-2
donations,5,3,2,1
anticipate,6,2,4,-2
nope,34,11,23,-12
ladybug,1,1,0,1
youths,1,1,0,1
zettelkasten,1,1,0,1
elloooooo,1,0,1,-1
supply,5,2,3,-1
unburied,1,0,1,-1
phenomenal,31,17,14,3
exhausting,8,5,3,2
passenger,37,13,24,-11
oats,1,0,1,-1
pleasseee,1,1,0,1
noooooo,3,1,2,-1
deicision,1,1,0,1
texts,86,49,37,12
rental,27,11,16,-5
necessities,1,1,0,1
joshua,2,0,2,-2
scrap,6,4,2,2
mystique,3,3,0,3
fourbeez,2,0,2,-2
rifts,1,1,0,1
marleen,2,0,2,-2
vape,2,2,0,2
undo,2,1,1,0
bothell,2,0,2,-2
sentences,6,2,4,-2
keytar,2,0,2,-2
legitimacy,1,1,0,1
shook,2,0,2,-2
swivel,41,16,25,-9
clinton,2,0,2,-2
downloading,2,0,2,-2
ucr,1,0,1,-1
visa,1,1,0,1
pleeeeeease,1,1,0,1
symmetrical,4,0,4,-4
zippered,2,2,0,2
conversions,1,1,0,1
katherine,30,23,7,16
awwwwwww,2,2,0,2
kamali,2,2,0,2
boulders,174,36,138,-102
lindsay,6,4,2,2
petty,8,4,4,0
sinovitus,1,0,1,-1
paper,109,36,73,-37
destruction,1,1,0,1
stereotypes,6,2,4,-2
away,359,116,243,-127
checksum,107,10,97,-87
thelifeofev,1,0,1,-1
federation,3,1,2,-1
umbrella,5,0,5,-5
rural,2,2,0,2
rehearsal,2,0,2,-2
preservation,1,0,1,-1
aug,1,0,1,-1
efficient,28,10,18,-8
sbp,97,20,77,-57
isn,544,257,287,-30
account,59,30,29,1
faith,14,11,3,8
sleeeeepy,1,1,0,1
pessimistic,1,1,0,1
surgarcoat,1,1,0,1
swear,23,13,10,3
bald,8,6,2,4
doritos,1,1,0,1
porch,12,4,8,-4
drunker,1,1,0,1
counted,16,7,9,-2
cryogenic,1,0,1,-1
ski,6,0,6,-6
accessible,7,4,3,1
shelters,1,0,1,-1
babysitting,2,0,2,-2
topping,1,0,1,-1
engage,4,3,1,2
surgeons,7,5,2,3
pleasing,1,1,0,1
drawn,15,12,3,9
prone,4,1,3,-2
conservatives,3,1,2,-1
roleplay,1,1,0,1
truest,4,3,1,2
emails,23,7,16,-9
doing,927,436,491,-55
announcements,1,0,1,-1
cramping,1,1,0,1
safeway,23,5,18,-13
quicker,6,2,4,-2
smartness,1,1,0,1
detective,9,6,3,3
plane,21,9,12,-3
gallons,2,0,2,-2
fairly,4,4,0,4
stewart,6,5,1,4
allowing,2,1,1,0
implicitly,1,1,0,1
blvd,1,0,1,-1
punishing,2,2,0,2
dispose,1,0,1,-1
crowds,1,1,0,1
grants,1,0,1,-1
capris,3,1,2,-1
dogsofttiktok,1,0,1,-1
beets,2,0,2,-2
grammys,3,0,3,-3
sores,2,0,2,-2
puncture,1,0,1,-1
roe,3,1,2,-1
acd,1,0,1,-1
hosted,2,2,0,2
gadgets,1,1,0,1
apostle,1,1,0,1
rokeda,1,0,1,-1
breakery,1,1,0,1
merits,1,1,0,1
nonproblematic,1,0,1,-1
grindr,15,14,1,13
lyin,1,1,0,1
experiments,4,0,4,-4
protons,5,0,5,-5
whiteboard,4,0,4,-4
spits,3,0,3,-3
forever,153,47,106,-59
rewarding,6,5,1,4
regarding,5,3,2,1
rain,56,23,33,-10
obituaries,1,0,1,-1
handsomely,1,1,0,1
subarus,1,0,1,-1
unbraided,1,0,1,-1
trademark,1,1,0,1
lcd,4,0,4,-4
encourages,2,1,1,0
sweetest,3,3,0,3
marcus,1,1,0,1
lather,1,1,0,1
softsheen,1,1,0,1
ccs,1,1,0,1
farther,30,8,22,-14
cigarette,2,2,0,2
bumble,2,2,0,2
protect,11,4,7,-3
erastourarlington,1,0,1,-1
triggers,2,1,1,0
fight,124,57,67,-10
broadly,7,7,0,7
sit,173,55,118,-63
transaction,10,8,2,6
brands,18,3,15,-12
when,3103,1224,1879,-655
dogs,370,155,215,-60
squad,3,2,1,1
pups,5,0,5,-5
redownloaded,1,1,0,1
injects,1,1,0,1
jameson,1,0,1,-1
soybeans,1,0,1,-1
homophonic,1,1,0,1
strings,10,5,5,0
medal,2,0,2,-2
jokingly,3,3,0,3
genetic,14,4,10,-6
charge,119,21,98,-77
paranormal,1,0,1,-1
chiropractortiktok,1,1,0,1
swam,3,0,3,-3
kardashian,2,0,2,-2
mulaney,2,0,2,-2
gift,43,12,31,-19
paints,5,2,3,-1
hissers,1,0,1,-1
ione,2,0,2,-2
betadogtraining,1,0,1,-1
competitively,1,0,1,-1
seizure,4,2,2,0
picked,132,32,100,-68
dosed,1,0,1,-1
imperative,2,2,0,2
betty,1,1,0,1
snappy,2,2,0,2
stars,67,32,35,-3
pucker,1,1,0,1
brendan,26,4,22,-18
equality,7,6,1,5
gclid,7,2,5,-3
restarting,1,1,0,1
surprise,102,33,69,-36
misspelled,1,1,0,1
budapest,3,1,2,-1
holiday,10,4,6,-2
portrait,9,6,3,3
bounds,2,0,2,-2
homers,1,1,0,1
wages,3,1,2,-1
tiki,2,1,1,0
fluke,3,0,3,-3
miserable,31,11,20,-9
sniffspot,1,0,1,-1
changes,73,38,35,3
squirms,1,0,1,-1
huttle,1,0,1,-1
dub,1,1,0,1
different,777,296,481,-185
see,1302,695,607,88
orientations,1,0,1,-1
garmin,2,1,1,0
carnation,1,0,1,-1
methylate,1,0,1,-1
histories,1,1,0,1
sam,21,8,13,-5
levin,1,1,0,1
punctuation,3,0,3,-3
lmmm,2,2,0,2
oooookaaaaaayy,1,1,0,1
experimenting,3,0,3,-3
gouache,3,2,1,1
acids,1,0,1,-1
part,755,234,521,-287
serotonin,17,1,16,-15
tv,87,36,51,-15
huntsmarter,1,1,0,1
nicely,32,5,27,-22
yap,2,2,0,2
backcountry,2,0,2,-2
babe,64,60,4,56
femboy,2,1,1,0
lane,4,1,3,-2
attachments,6701,3869,2832,1037
league,12,4,8,-4
capita,1,0,1,-1
methodology,2,0,2,-2
shapes,9,2,7,-5
crook,3,1,2,-1
historians,2,0,2,-2
adheres,1,1,0,1
instinct,9,2,7,-5
happens,161,61,100,-39
choosing,37,9,28,-19
generationaltrauma,1,0,1,-1
ings,1,1,0,1
setlists,1,1,0,1
foolish,2,2,0,2
kadens,1,1,0,1
tasks,32,11,21,-10
ir,1,0,1,-1
dated,57,29,28,1
golem,1,0,1,-1
wrongly,4,3,1,2
gotthim,1,1,0,1
rejoin,1,0,1,-1
ford,57,17,40,-23
danger,4,0,4,-4
hostage,2,0,2,-2
lowering,1,1,0,1
shoulder,50,22,28,-6
observant,1,0,1,-1
dolf,1,1,0,1
zeros,3,3,0,3
amicable,3,0,3,-3
coincidence,47,22,25,-3
flan,35,4,31,-27
https,687,261,426,-165
jacquieslife,2,0,2,-2
stash,1,0,1,-1
cogs,1,0,1,-1
breeze,2,0,2,-2
kill,52,26,26,0
unimaginably,1,1,0,1
bitchyness,1,1,0,1
aspergers,1,0,1,-1
sock,28,7,21,-14
g,15,6,9,-3
trickiest,1,1,0,1
euthymic,2,2,0,2
postmaster,1,0,1,-1
esme,18,12,6,6
psychosomatic,1,1,0,1
targeted,14,7,7,0
preamble,2,0,2,-2
basically,196,76,120,-44
condescending,5,0,5,-5
recall,17,8,9,-1
powdered,4,1,3,-2
free,330,127,203,-76
monogamy,4,4,0,4
channels,1,1,0,1
jackpot,1,0,1,-1
derail,2,2,0,2
dragons,7,1,6,-5
halfmoon,3,3,0,3
doggy,13,9,4,5
bowl,24,6,18,-12
listings,4,4,0,4
abaa,1,0,1,-1
scalps,1,0,1,-1
diabetic,1,0,1,-1
illusion,6,5,1,4
ellecarolinenelson's,2,0,2,-2
rehearsed,2,0,2,-2
looped,1,0,1,-1
stranger,69,23,46,-23
ruby,1,1,0,1
bagels,9,1,8,-7
singing,42,15,27,-12
andrewwwe,1,1,0,1
nitpick,2,2,0,2
know,3788,1420,2368,-948
acrosses,4,0,4,-4
exponentially,2,2,0,2
ceremony,15,8,7,1
extract,1,1,0,1
quotient,3,0,3,-3
von,1,0,1,-1
forwards,2,1,1,0
pale,1,0,1,-1
otter,2,1,1,0
sus,1,1,0,1
lose,68,26,42,-16
fate,6,3,3,0
stuffs,1,1,0,1
lcc,2,2,0,2
loudmouth,2,2,0,2
muse,1,1,0,1
hues,2,0,2,-2
interplanetary,1,1,0,1
handmadedogleash,1,0,1,-1
biochem,1,0,1,-1
absorbs,1,0,1,-1
supportsmallbusinesses,1,0,1,-1
mel,1,1,0,1
oomdesigns,1,1,0,1
ally,24,16,8,8
hong,1,0,1,-1
sequences,1,0,1,-1
choke,2,1,1,0
committed,18,5,13,-8
necessity,1,0,1,-1
goblins,1,0,1,-1
concede,1,1,0,1
suspenseful,1,0,1,-1
bbfc,1,1,0,1
rollout,1,0,1,-1
slam,1,1,0,1
realistic,8,7,1,6
trek,2,0,2,-2
mockery,1,1,0,1
levi's,1,0,1,-1
bait,5,3,2,1
drawstring,10,2,8,-6
watyer,1,1,0,1
concert,45,14,31,-17
shortest,7,2,5,-3
threads,3,1,2,-1
cantaloupe,1,1,0,1
buckle,20,7,13,-6
cheered,3,2,1,1
whatsoever,5,0,5,-5
language,71,23,48,-25
abfa,1,0,1,-1
level,102,43,59,-16
decade,13,10,3,7
impulsiveness,1,1,0,1
dogcollar,1,0,1,-1
think,5227,2407,2820,-413
baggier,1,0,1,-1
melyssa,2,2,0,2
empower,5,0,5,-5
jleetch,1,0,1,-1
greatly,3,2,1,1
repulsing,2,2,0,2
haven,393,141,252,-111
cutter,5,2,3,-1
milkshake,4,1,3,-2
overreacting,1,0,1,-1
homosexuals,2,0,2,-2
lamps,5,0,5,-5
pigmentation,1,0,1,-1
gland,4,0,4,-4
farmers,5,2,3,-1
capcut,1,0,1,-1
firefighter,4,2,2,0
spoiled,8,2,6,-4
abc,4,1,3,-2
gaining,8,4,4,0
heading,7,0,7,-7
nets,1,0,1,-1
shelter,4,1,3,-2
excitedly,2,1,1,0
texturing,1,1,0,1
yard,52,20,32,-12
probably,1353,520,833,-313
expectations,20,11,9,2
pathway,1,0,1,-1
respectfully,25,13,12,1
diversity,5,3,2,1
intake,4,2,2,0
incapable,17,7,10,-3
skating,4,3,1,2
authoritarian,1,0,1,-1
hereee,1,1,0,1
cube,6,1,5,-4
experiencing,2,1,1,0
tikki,2,2,0,2
lesson,15,2,13,-11
tiered,2,0,2,-2
lord,5,2,3,-1
preface,3,1,2,-1
themself,9,1,8,-7
idiot,26,16,10,6
club,51,20,31,-11
walking,96,40,56,-16
backpacker,1,1,0,1
moore,1,1,0,1
medals,1,0,1,-1
epiphany,6,1,5,-4
weights,2,2,0,2
repercussions,2,2,0,2
pre,37,21,16,5
hole,96,37,59,-22
strangers,61,29,32,-3
accommodated,1,0,1,-1
dimensional,6,5,1,4
angles,14,7,7,0
pour,3,2,1,1
elliot,23,12,11,1
buttoned,2,2,0,2
heel,77,15,62,-47
plunger,7,0,7,-7
induce,1,0,1,-1
membership,56,17,39,-22
textured,3,3,0,3
per,59,11,48,-37
phenomenon,3,3,0,3
img,1,1,0,1
sensed,1,1,0,1
jar,27,12,15,-3
tracker,1,1,0,1
unpaid,7,3,4,-1
andy,8,3,5,-2
theoretic,1,0,1,-1
chatted,8,3,5,-2
upped,5,4,1,3
counts,30,18,12,6
wanna,211,27,184,-157
fetishize,1,1,0,1
spasmed,1,0,1,-1
sabotaging,2,1,1,0
shuttles,1,1,0,1
txfqy,1,0,1,-1
personable,2,1,1,0
hugely,14,8,6,2
wage,13,4,9,-5
cashews,9,8,1,7
katrina,3,2,1,1
hotel,8,1,7,-6
diminish,2,2,0,2
ctid,1,0,1,-1
befriended,2,0,2,-2
completely,68,17,51,-34
classify,1,1,0,1
derby,1,1,0,1
costs,37,12,25,-13
unmatched,3,3,0,3
gozilla,1,0,1,-1
ouvrable,1,1,0,1
silicon,2,2,0,2
frequented,1,1,0,1
dagger,3,3,0,3
matching,24,7,17,-10
prioritizing,2,0,2,-2
baec,2,1,1,0
fictional,6,2,4,-2
athlete,11,5,6,-1
shuffle,6,2,4,-2
nook,1,0,1,-1
paddington,1,1,0,1
comhere,2,0,2,-2
zippers,1,1,0,1
popping,4,0,4,-4
thefts,1,0,1,-1
troutdale,1,0,1,-1
annual,3,0,3,-3
additional,8,5,3,2
colleges,1,0,1,-1
fertilize,1,0,1,-1
andor,1,0,1,-1
extension,5,3,2,1
penetrate,2,2,0,2
premade,2,0,2,-2
err,1,0,1,-1
contributor,1,1,0,1
offers,13,6,7,-1
continental,1,0,1,-1
vitamins,8,6,2,4
achieve,6,0,6,-6
allies,2,2,0,2
solid,51,13,38,-25
amab,3,3,0,3
catering,3,1,2,-1
uggliest,1,1,0,1
lookout,4,2,2,0
today,964,474,490,-16
mantra,1,1,0,1
train,64,24,40,-16
lands,4,1,3,-2
leaping,1,0,1,-1
misogynistic,4,1,3,-2
samoyeds,2,1,1,0
creature,10,6,4,2
mores,2,2,0,2
fitter,2,0,2,-2
changing,99,41,58,-17
correlates,1,1,0,1
married,118,58,60,-2
corporation,5,2,3,-1
perfffff,1,1,0,1
posters,5,1,4,-3
thurman,7,6,1,5
applications,14,5,9,-4
menards,1,1,0,1
ba,3,3,0,3
bed,468,214,254,-40
piled,1,0,1,-1
surfaces,3,0,3,-3
adultery,4,4,0,4
bright,17,7,10,-3
idols,1,1,0,1
lackadaisically,1,1,0,1
forts,2,2,0,2
evidenced,2,0,2,-2
averaged,1,1,0,1
devastation,3,0,3,-3
concealed,1,0,1,-1
besides,43,35,8,27
divine,1,1,0,1
england,1,1,0,1
lynn,5,2,3,-1
vertebrae,1,1,0,1
excellent,133,52,81,-29
brightest,1,0,1,-1
stifle,1,1,0,1
faceless,2,2,0,2
tramp,1,0,1,-1
malfunction,1,1,0,1
areas,5,3,2,1
elise,3,0,3,-3
underrepresented,2,0,2,-2
carly,1,0,1,-1
progression,1,0,1,-1
kitty,8,6,2,4
deodorant,28,16,12,4
surprises,21,12,9,3
fluster,1,0,1,-1
wings,7,2,5,-3
lambs,1,1,0,1
easier,146,49,97,-48
busier,1,0,1,-1
envelope,6,0,6,-6
ono,1,1,0,1
precisely,7,0,7,-7
gender,204,102,102,0
cozy,11,6,5,1
hvnetw,1,0,1,-1
quirk,1,0,1,-1
bring,237,90,147,-57
perpetual,1,1,0,1
wei,1,0,1,-1
adventure,6,4,2,2
supppsed,1,0,1,-1
scars,6,4,2,2
shadows,2,0,2,-2
spat,1,0,1,-1
governor,3,2,1,1
comhttps,2,0,2,-2
heights,3,1,2,-1
youthful,1,1,0,1
pounced,1,0,1,-1
crankiness,2,0,2,-2
sexiest,6,5,1,4
timelines,2,2,0,2
deigned,1,1,0,1
adeb,1,1,0,1
puncher,2,0,2,-2
absorbed,3,1,2,-1
antiquated,5,5,0,5
questions,196,76,120,-44
warranted,2,0,2,-2
superior,2,0,2,-2
wears,35,18,17,1
borrow,38,15,23,-8
mounts,2,2,0,2
crafts,9,4,5,-1
wfh,1,1,0,1
annoying,639,175,464,-289
intrigued,13,5,8,-3
camo,5,3,2,1
retire,5,3,2,1
punish,1,0,1,-1
curiosity,19,11,8,3
casablanca,1,1,0,1
subq,3,1,2,-1
pm,2,0,2,-2
unsteady,1,0,1,-1
earl,4,0,4,-4
talented,10,9,1,8
lightbulbs,9,2,7,-5
waistband,4,1,3,-2
pedophiles,1,1,0,1
fumble,4,4,0,4
kidnap,2,0,2,-2
mocha,3,0,3,-3
stipend,1,0,1,-1
deab,1,0,1,-1
fireworks,2,1,1,0
chill,38,27,11,16
rerecord,7,0,7,-7
played,102,47,55,-8
groaned,1,0,1,-1
widen,1,0,1,-1
untucked,2,0,2,-2
sure,1292,621,671,-50
previous,9,6,3,3
unobtainable,2,2,0,2
pullover,3,2,1,1
gain,22,7,15,-8
obsolete,1,0,1,-1
decline,1,1,0,1
discography,3,3,0,3
cramped,6,0,6,-6
roles,6,3,3,0
heavier,4,1,3,-2
stewing,2,0,2,-2
soldiers,1,1,0,1
salaries,1,0,1,-1
dieter,2,2,0,2
grooves,6,4,2,2
underworked,1,0,1,-1
cures,2,2,0,2
deezer,1,1,0,1
frequent,8,6,2,4
storied,1,1,0,1
unsettled,3,0,3,-3
promaster,29,6,23,-17
preordering,1,1,0,1
powerhouse,1,0,1,-1
hating,16,6,10,-4
jumped,16,3,13,-10
module,4,0,4,-4
mastermind,7,5,2,3
impacted,1,0,1,-1
burr,1,0,1,-1
defend,19,12,7,5
plasticy,3,1,2,-1
showering,3,1,2,-1
careers,5,3,2,1
you've,1,1,0,1
uhhhh,2,1,1,0
academic,1,0,1,-1
refrigerator,17,0,17,-17
instant,20,13,7,6
humidity,1,0,1,-1
squirrels,2,0,2,-2
creamer,1,0,1,-1
bong,3,3,0,3
daycare,16,13,3,10
scott,8,2,6,-4
exhibits,1,1,0,1
criteria,9,5,4,1
encyclopedic,3,1,2,-1
contemplation,3,0,3,-3
unforuantely,1,1,0,1
dogaccessoriesbrand,1,0,1,-1
catchphrase,1,1,0,1
alarms,3,0,3,-3
tuckman,1,1,0,1
re,2821,961,1860,-899
prominent,10,2,8,-6
chicks,2,0,2,-2
nausea,1,1,0,1
breatheinterlock,3,0,3,-3
rugby,2,2,0,2
hillside,1,0,1,-1
trimmed,3,1,2,-1
eliminates,1,0,1,-1
axe,3,1,2,-1
smallbusinesshelp,1,0,1,-1
mircodrama,1,1,0,1
hoodies,7,2,5,-3
marina,9,4,5,-1
looksconfdicne,1,1,0,1
shoulderless,5,3,2,1
scurrying,1,0,1,-1
rules,51,24,27,-3
practitioner,6,1,5,-4
dismissive,3,1,2,-1
festivities,1,1,0,1
dizzy,10,6,4,2
responsible,22,12,10,2
pressuring,2,1,1,0
theying,2,1,1,0
onamzkaciejoh,1,0,1,-1
already,733,242,491,-249
hardware,12,4,8,-4
kendra,9,9,0,9
convert,7,3,4,-1
dreamy,10,9,1,8
speedometer,2,1,1,0
consuming,2,0,2,-2
perpetrators,1,1,0,1
guts,1,1,0,1
corn,2,1,1,0
weize,1,0,1,-1
leda,2,1,1,0
reasons,161,80,81,-1
interest,71,34,37,-3
centuries,1,0,1,-1
displayed,2,2,0,2
climbings,1,1,0,1
miscellaneous,4,2,2,0
okayy,2,2,0,2
utah,27,7,20,-13
cannibal,1,0,1,-1
arnie,1,0,1,-1
lined,13,6,7,-1
sharon,1,1,0,1
pulp,20,10,10,0
hou,2,1,1,0
bafc,1,0,1,-1
suburbs,1,1,0,1
aspirations,4,2,2,0
stoppp,1,1,0,1
bento,11,3,8,-5
fantastic,4,4,0,4
muna,2,1,1,0
congratulate,1,0,1,-1
panels,27,8,19,-11
indifferent,22,6,16,-10
crimping,1,0,1,-1
retrospect,1,0,1,-1
non,182,159,23,136
pickaxe,1,0,1,-1
bypass,2,0,2,-2
username,1,1,0,1
court,10,5,5,0
ordering,28,12,16,-4
baskin,1,1,0,1
transcended,5,4,1,3
tmiedie,1,1,0,1
ee,3,1,2,-1
estimates,1,0,1,-1
wip,1,1,0,1
kids,130,60,70,-10
transplant,3,1,2,-1
hoax,2,1,1,0
bounce,2,1,1,0
candy,9,3,6,-3
antidepressant,2,0,2,-2
bonney,1,1,0,1
checkup,3,3,0,3
second,343,137,206,-69
determined,13,2,11,-9
simplified,4,1,3,-2
fumbled,1,1,0,1
chuckled,1,0,1,-1
stds,1,0,1,-1
expressing,5,1,4,-3
filters,5,1,4,-3
recognizing,4,1,3,-2
broader,1,0,1,-1
unflavored,1,0,1,-1
simultaneously,9,7,2,5
fetch,3,0,3,-3
clothes,120,70,50,20
unending,1,1,0,1
latest,28,14,14,0
printed,15,5,10,-5
allegory,3,3,0,3
expecting,24,14,10,4
guesstimate,1,1,0,1
biked,3,0,3,-3
goose,5,4,1,3
help,349,167,182,-15
swans,2,2,0,2
attentions,1,1,0,1
creatives,1,1,0,1
hired,32,10,22,-12
shedding,3,2,1,1
slider,1,1,0,1
ashland,1,1,0,1
stab,1,0,1,-1
conducted,2,2,0,2
computers,3,2,1,1
archer,2,1,1,0
lessons,10,3,7,-4
prodeals,1,1,0,1
spife,1,0,1,-1
chorus,5,2,3,-1
downplayed,1,1,0,1
lately,10,6,4,2
cosplaying,1,1,0,1
pool,7,2,5,-3
selfishly,15,6,9,-3
asymmetry,2,2,0,2
spend,163,43,120,-77
spittin,1,0,1,-1
insulating,3,2,1,1
uneat,1,1,0,1
sallis,1,1,0,1
burp,2,0,2,-2
supposedly,31,4,27,-23
elasticated,1,1,0,1
orca,10,4,6,-2
devils,1,0,1,-1
standby,1,1,0,1
trickling,1,1,0,1
mushy,2,2,0,2
information,112,41,71,-30
chopstick,2,2,0,2
fume,1,0,1,-1
ketl,2,2,0,2
apocalypse,2,0,2,-2
fumbling,1,1,0,1
humped,5,0,5,-5
taylor,276,89,187,-98
digestive,2,0,2,-2
glittered,2,1,1,0
screenshots,14,5,9,-4
medias,1,1,0,1
chime,3,1,2,-1
danny,3,0,3,-3
herons,2,0,2,-2
handed,43,23,20,3
monroe,4,1,3,-2
screaming,37,9,28,-19
hypnotizing,1,0,1,-1
merry,4,2,2,0
handyman,6,2,4,-2
sleeps,21,12,9,3
mushroom,4,2,2,0
zombie,7,2,5,-3
stroke,1,0,1,-1
results,47,17,30,-13
solve,30,9,21,-12
whoever,37,15,22,-7
recaps,3,0,3,-3
blog,5,2,3,-1
tina,2,0,2,-2
detected,1,1,0,1
owl,16,10,6,4
harm,7,6,1,5
ahahah,1,1,0,1
beard,30,13,17,-4
opportunity,53,13,40,-27
buys,33,10,23,-13
gimme,2,2,0,2
houndoom,2,0,2,-2
grows,6,3,3,0
possession,2,1,1,0
incriminating,2,2,0,2
installing,6,2,4,-2
crossclimate,1,0,1,-1
beau,1,0,1,-1
ongoing,4,4,0,4
organize,4,1,3,-2
kat,1,1,0,1
solidified,2,0,2,-2
smiles,5,1,4,-3
freeway,8,3,5,-2
tufas,2,0,2,-2
component,1,0,1,-1
printable,1,0,1,-1
expense,5,2,3,-1
reactionary,1,1,0,1
systems,16,5,11,-6
dislike,19,1,18,-17
stove,17,7,10,-3
agonizing,2,0,2,-2
wonderland,3,2,1,1
consequences,12,3,9,-6
heist,1,1,0,1
ac,39,5,34,-29
bank,31,11,20,-9
diabetes,4,0,4,-4
gross,68,32,36,-4
impressed,25,13,12,1
damnnn,1,1,0,1
skirty,1,1,0,1
atlas,1,0,1,-1
mccol,2,2,0,2
plays,56,27,29,-2
yeesssssss,1,1,0,1
spalding,1,0,1,-1
lofts,1,1,0,1
chipped,1,0,1,-1
appropriating,3,1,2,-1
complicates,1,0,1,-1
nametag,1,0,1,-1
less,770,326,444,-118
anomalies,1,1,0,1
secretiveness,1,1,0,1
tells,78,17,61,-44
continued,13,3,10,-7
rentals,10,5,5,0
podcasting,3,2,1,1
why,1310,545,765,-220
variation,4,3,1,2
lights,50,15,35,-20
consoling,1,1,0,1
bailer,2,1,1,0
grooming,5,2,3,-1
experienced,16,3,13,-10
spills,2,1,1,0
tiring,4,2,2,0
undersocialized,1,0,1,-1
serene,2,2,0,2
exacerbated,1,0,1,-1
multiplied,1,0,1,-1
spill,10,2,8,-6
taika,1,0,1,-1
hope,207,141,66,75
spectral,1,1,0,1
vampires,10,4,6,-2
mpgs,2,0,2,-2
creamier,1,0,1,-1
squeeze,8,4,4,0
overlap,31,13,18,-5
techniques,3,2,1,1
swampy,1,0,1,-1
plungered,1,0,1,-1
katya's,1,1,0,1
songwriter,1,1,0,1
scrolls,2,0,2,-2
tapered,2,0,2,-2
bunch,138,50,88,-38
neurological,1,0,1,-1
bristle,5,2,3,-1
routeset,2,0,2,-2
cheesecloth,4,0,4,-4
hurding,2,2,0,2
spectate,2,1,1,0
helps,49,22,27,-5
marathons,2,1,1,0
fractured,1,0,1,-1
ondra,1,1,0,1
jaded,3,1,2,-1
faded,1,0,1,-1
goodness,26,25,1,24
bulgaria,1,1,0,1
briton,1,0,1,-1
sketching,1,1,0,1
paw,14,8,6,2
inverters,1,0,1,-1
external,1,1,0,1
brent,6,3,3,0
misgendering,1,1,0,1
runsie,1,1,0,1
existence,18,5,13,-8
quarks,2,2,0,2
tj,1,1,0,1
respiratory,1,0,1,-1
gen,4,3,1,2
pagetools,2,2,0,2
pumps,6,1,5,-4
cc,1,1,0,1
duplas,1,1,0,1
framing,3,1,2,-1
hoo,3,1,2,-1
slits,4,2,2,0
tails,8,2,6,-4
timer,5,1,4,-3
jerseys,1,1,0,1
transitioning,35,29,6,23
sworn,4,2,2,0
ninth,1,0,1,-1
nodding,1,1,0,1
indefinitely,2,2,0,2
delay,9,2,7,-5
suitcases,3,1,2,-1
embroider,1,1,0,1
adult,60,27,33,-6
bcaa,1,0,1,-1
sinking,1,0,1,-1
cloudy,8,0,8,-8
freshens,2,2,0,2
recently,280,160,120,40
unapproachable,1,0,1,-1
forming,1,1,0,1
ezra,19,17,2,15
improper,1,1,0,1
skylight,1,0,1,-1
organized,6,0,6,-6
creativeasin,1,0,1,-1
fookinfrisella,1,0,1,-1
cours,1,1,0,1
forcing,15,9,6,3
sacrifice,5,0,5,-5
relaxed,4,2,2,0
dutch,7,3,4,-1
okstrava,1,1,0,1
moves,69,16,53,-37
bddd,1,1,0,1
debating,20,7,13,-6
bitey,1,1,0,1
lighting,10,4,6,-2
treat,92,30,62,-32
bf,11,10,1,9
adoptable,65,14,51,-37
pics,26,16,10,6
navigational,1,1,0,1
slim,23,10,13,-3
aluminum,10,1,9,-8
wiper,2,0,2,-2
materials,15,9,6,3
forths,1,1,0,1
papers,7,4,3,1
brazilians,2,2,0,2
underestimates,1,0,1,-1
prompts,2,0,2,-2
soonish,1,1,0,1
picketundefined,1,0,1,-1
chestnut,4,3,1,2
hutch,3,3,0,3
ultimate,16,8,8,0
coldest,1,0,1,-1
lives,135,70,65,5
faking,2,2,0,2
chainier,1,0,1,-1
roam,14,12,2,10
supernatural,3,3,0,3
man,709,351,358,-7
tuna,12,2,10,-8
internationally,1,0,1,-1
stereotypical,1,1,0,1
too,2196,1004,1192,-188
dbcd,1,0,1,-1
sophia,3,0,3,-3
melon,4,4,0,4
derek,3,0,3,-3
palms,1,1,0,1
certain,76,30,46,-16
masc,5,4,1,3
liek,3,3,0,3
gauge,12,9,3,6
emailed,16,6,10,-4
utilitarian,1,1,0,1
snooty,5,0,5,-5
za,1,1,0,1
downloaded,12,6,6,0
dough,4,0,4,-4
robinjbilby,1,0,1,-1
bummed,4,3,1,2
rolling,4,3,1,2
skort,4,1,3,-2
copco,1,0,1,-1
stale,1,1,0,1
pivoting,3,0,3,-3
scopus,1,1,0,1
badd,1,1,0,1
phones,15,6,9,-3
buddha,1,1,0,1
clots,2,2,0,2
supremely,2,1,1,0
shebear,4,3,1,2
jacob,6,5,1,4
joseph,5,3,2,1
malachi,5,2,3,-1
plethora,1,1,0,1
lesser,5,5,0,5
problems,102,49,53,-4
filthy,6,6,0,6
squeezed,3,1,2,-1
dessner,2,0,2,-2
typing,24,16,8,8
bi,33,11,22,-11
lake,54,24,30,-6
gotta,237,83,154,-71
maya,12,10,2,8
mountains,2,0,2,-2
routsetting,5,5,0,5
obscure,14,5,9,-4
collaborative,1,1,0,1
exactlyyy,1,1,0,1
imagined,7,6,1,5
insurances,1,0,1,-1
rock,184,102,82,20
soulbonded,1,1,0,1
gorg,6,6,0,6
nhtsa,1,0,1,-1
elf,19,11,8,3
amc,3,1,2,-1
sciency,1,0,1,-1
money,555,223,332,-109
girlfriends,33,24,9,15
gut,26,9,17,-8
titan,4,1,3,-2
armrest,2,0,2,-2
whites,2,1,1,0
processing,6,4,2,2
bother,38,14,24,-10
attraction,8,7,1,6
polyamory,12,7,5,2
specially,7,4,3,1
manly,2,1,1,0
smitten,1,1,0,1
desk,170,59,111,-52
leave,312,86,226,-140
radicalized,1,0,1,-1
amped,1,0,1,-1
jrirhorhrrjrjr,1,0,1,-1
advancement,2,2,0,2
invisalign,1,0,1,-1
wirejaw,1,1,0,1
lillian,5,3,2,1
masons,84,73,11,62
cancels,3,0,3,-3
delineation,1,1,0,1
baeb,1,1,0,1
preventable,1,1,0,1
muffler,1,1,0,1
genius,26,10,16,-6
diff,3,2,1,1
introvert,2,1,1,0
simlish,2,0,2,-2
tollersatoakcreekfarms,1,1,0,1
static,8,3,5,-2
jacquard,3,3,0,3
deniability,4,2,2,0
kailas,2,0,2,-2
aaa,1,0,1,-1
confetti,1,1,0,1
described,24,10,14,-4
insole,2,0,2,-2
capitalists,2,0,2,-2
pad,74,22,52,-30
veh,1,0,1,-1
manner,1,1,0,1
matthew,5,2,3,-1
mangionee's,2,2,0,2
heirloom,3,0,3,-3
nicolas,1,0,1,-1
handmade,1,1,0,1
perpetuated,1,1,0,1
keyless,1,0,1,-1
brokeback,1,1,0,1
enthusiasm,7,4,3,1
plumbing,2,1,1,0
descriptors,2,2,0,2
lizards,1,1,0,1
pandora,18,2,16,-14
liam,3,2,1,1
hammerwebsites,1,0,1,-1
moira,3,3,0,3
matty,8,0,8,-8
sap,1,0,1,-1
maga,1,1,0,1
baked,6,1,5,-4
windle,2,2,0,2
calculate,5,3,2,1
bombing,1,1,0,1
hct,2,2,0,2
gave,247,87,160,-73
backsies,1,1,0,1
sensible,1,1,0,1
indeed,4,4,0,4
fiberglass,6,2,4,-2
edgeworks,10,1,9,-8
famous,36,19,17,2
whove,1,1,0,1
smocking,1,0,1,-1
webb,2,0,2,-2
tarot,2,1,1,0
chronological,2,1,1,0
categorizing,1,1,0,1
vessel,1,1,0,1
laughed,455,56,399,-343
burrata,1,0,1,-1
passionate,25,8,17,-9
stared,14,4,10,-6
sexualization,1,1,0,1
insulates,1,0,1,-1
dusting,8,5,3,2
excuses,8,2,6,-4
distributor,8,0,8,-8
grab,41,13,28,-15
pipo,1,0,1,-1
yank,5,1,4,-3
span,10,1,9,-8
foster,7,2,5,-3
uncertainty,1,0,1,-1
ride,36,15,21,-6
anthropology,5,1,4,-3
dug,6,4,2,2
remover,1,0,1,-1
milder,1,0,1,-1
inkaceyourelooking,3,0,3,-3
tiger,2,1,1,0
flimsy,1,1,0,1
narcissism,1,1,0,1
naturally,57,9,48,-39
ambitiously,1,1,0,1
poppers,3,3,0,3
knob,1,1,0,1
usp,5,5,0,5
approaching,4,2,2,0
countertop,2,2,0,2
frantic,1,0,1,-1
graham,3,1,2,-1
strongwomen,1,0,1,-1
jogging,3,1,2,-1
partner,66,43,23,20
crowded,2,0,2,-2
lid's,1,0,1,-1
both,892,340,552,-212
resist,15,6,9,-3
oziza,1,1,0,1
former,10,6,4,2
stomping,2,1,1,0
straps,26,3,23,-20
dint,1,1,0,1
maintains,3,3,0,3
blanchett,1,1,0,1
appeared,1,0,1,-1
bulletproof,1,1,0,1
sees,43,24,19,5
alolan,1,1,0,1
thread,5,1,4,-3
diaper,1,0,1,-1
shame,13,8,5,3
setters,57,7,50,-43
distracted,51,13,38,-25
time,2799,1036,1763,-727
qualification,1,1,0,1
world's,2,2,0,2
jimmy,451,214,237,-23
album,232,103,129,-26
ajax,2,1,1,0
oak,8,1,7,-6
archie,1,0,1,-1
elements,11,2,9,-7
honored,2,2,0,2
maternal,2,2,0,2
plan,242,95,147,-52
universally,18,4,14,-10
languages,4,1,3,-2
pms,1,1,0,1
stealing,21,11,10,1
injured,6,1,5,-4
lmaooo,6,6,0,6
joking,13,3,10,-7
stunt,2,1,1,0
interrupt,10,1,9,-8
skater,2,2,0,2
practice,80,25,55,-30
assholes,4,2,2,0
portrays,2,2,0,2
repayment,1,1,0,1
depriving,2,0,2,-2
checkered,1,0,1,-1
climberisms,1,1,0,1
einhorn,1,1,0,1
kristen,5,5,0,5
sued,4,3,1,2
yappers,1,1,0,1
hannukah,1,0,1,-1
fhat,1,0,1,-1
busted,7,1,6,-5
chalked,1,0,1,-1
halloween,21,9,12,-3
doo,1,0,1,-1
circuits,1,0,1,-1
infertile,3,1,2,-1
wee,5,0,5,-5
lemonade,2,0,2,-2
stacked,3,1,2,-1
elsa,1,0,1,-1
bro,60,39,21,18
surgical,1,1,0,1
supersede,1,1,0,1
overpowered,1,1,0,1
purrs,1,0,1,-1
themed,12,3,9,-6
kilter,25,12,13,-1
occur,7,0,7,-7
rehab,1,0,1,-1
idc,17,17,0,17
changer,3,1,2,-1
accomplishments,1,0,1,-1
nut,19,2,17,-15
hatred,9,7,2,5
rope,39,18,21,-3
stall,7,4,3,1
born,58,19,39,-20
vakadijewelry,1,1,0,1
uneventful,1,0,1,-1
pembo,1,1,0,1
pickled,3,1,2,-1
aka,6,3,3,0
sighthound,3,0,3,-3
tamest,2,2,0,2
utilize,4,4,0,4
catchphrases,1,1,0,1
nonsense,11,2,9,-7
teamwork,1,0,1,-1
ceasefire,1,0,1,-1
sms,216,20,196,-176
disgruntled,1,1,0,1
progressed,2,0,2,-2
cursive,8,4,4,0
utilities,1,0,1,-1
pave,3,3,0,3
wayyyy,2,2,0,2
devour,4,2,2,0
kits,5,0,5,-5
ahhh,16,16,0,16
patients,8,6,2,4
aerodynamic,1,1,0,1
schools,4,3,1,2
stumbling,3,3,0,3
antisocial,1,1,0,1
panda,1,0,1,-1
wb,7,0,7,-7
dare,35,6,29,-23
explaining,26,13,13,0
doom,1,1,0,1
achilles,2,0,2,-2
mediumest,1,0,1,-1
delulu,1,1,0,1
lovely,60,29,31,-2
manufacturing,2,1,1,0
gamete,2,1,1,0
intelligently,1,0,1,-1
lavaner,1,0,1,-1
eating,133,69,64,5
superhero,2,1,1,0
weatherguard,1,0,1,-1
gaskets,1,0,1,-1
kombucha,2,0,2,-2
overkill,1,0,1,-1
shoreline,4,2,2,0
ruse,2,0,2,-2
stimulates,1,0,1,-1
behold,1,1,0,1
bulge,3,1,2,-1
clash,1,1,0,1
scratch,5,4,1,3
knowww,1,1,0,1
quietest,4,1,3,-2
hustles,1,0,1,-1
delights,1,1,0,1
upcharge,1,1,0,1
streaming,9,6,3,3
glancing,2,2,0,2
pile,19,6,13,-7
tricks,21,12,9,3
hype,9,8,1,7
uhm,4,4,0,4
sharks,13,7,6,1
comp,207,55,152,-97
understander,1,0,1,-1
flooringundefined,1,0,1,-1
dimming,1,0,1,-1
gradual,2,1,1,0
dreamcar,1,0,1,-1
mini,75,25,50,-25
cheater,1,0,1,-1
prophets,1,1,0,1
il,2,1,1,0
restaurants,1,1,0,1
convenience,4,2,2,0
point,571,205,366,-161
minored,1,1,0,1
frustration,5,4,1,3
ukraine,1,1,0,1
dlc,4,3,1,2
maeson,1,0,1,-1
professor,17,4,13,-9
manor,1,1,0,1
petzl,2,0,2,-2
simulators,1,0,1,-1
soy,5,0,5,-5
floorbed,2,2,0,2
faire,1,1,0,1
array,1,0,1,-1
demi,1,1,0,1
sorceress,3,3,0,3
hallmark,1,1,0,1
nicks,1,1,0,1
default,20,4,16,-12
compulsivleu,1,1,0,1
consent,6,3,3,0
pepperoni,5,2,3,-1
rinsing,1,0,1,-1
shauna,1,0,1,-1
timeline,19,11,8,3
sparks,1,1,0,1
rc,1,1,0,1
wobbly,3,2,1,1
plot,27,6,21,-15
crunchiest,1,1,0,1
receipt,4,1,3,-2
vac,8,2,6,-4
abbf,1,0,1,-1
soften,4,1,3,-2
tidal,1,1,0,1
attributed,1,0,1,-1
nda,1,1,0,1
thurs,1,1,0,1
distributed,1,1,0,1
overstated,2,2,0,2
bfdc,1,0,1,-1
cloth,2,2,0,2
speculative,2,1,1,0
selfishness,2,1,1,0
inspiration,8,5,3,2
hurry,15,2,13,-11
flight,24,6,18,-12
inconvenienced,1,0,1,-1
keep,413,127,286,-159
vow,3,1,2,-1
meat,48,22,26,-4
rewind,1,1,0,1
lulus,4,0,4,-4
chagrin,1,1,0,1
margaux,2,2,0,2
bar,100,48,52,-4
vitamin,6,2,4,-2
tipping,8,2,6,-4
tractor,2,1,1,0
internalbms,2,0,2,-2
stomach,10,5,5,0
commotion,1,0,1,-1
goldenretriever,1,0,1,-1
government,20,8,12,-4
tuition,1,0,1,-1
pora,2,2,0,2
hydrogens,1,0,1,-1
lukewarm,2,0,2,-2
pieck,1,1,0,1
hulks,1,1,0,1
kennedy,1,0,1,-1
exogentic,1,1,0,1
cities,8,0,8,-8
pronounced,11,9,2,7
strongest,16,9,7,2
boise,1,0,1,-1
sloshing,1,0,1,-1
biothabedoggear,1,0,1,-1
quizzing,2,1,1,0
tier,6,4,2,2
karl,1,0,1,-1
kickstarter,1,1,0,1
nanny,4,1,3,-2
desirable,9,8,1,7
holdout,1,0,1,-1
kore,2,1,1,0
scientists,6,3,3,0
delray,2,1,1,0
aven,3,3,0,3
illnesses,1,1,0,1
prop,14,10,4,6
gentlest,2,0,2,-2
parody,1,1,0,1
steve,12,3,9,-6
format,19,11,8,3
pug,3,1,2,-1
tagline,1,1,0,1
immunity,3,3,0,3
exceeded,3,0,3,-3
puddles,1,0,1,-1
grown,34,23,11,12
washer,7,4,3,1
mischievous,1,1,0,1
shops,9,7,2,5
dogtoker,1,0,1,-1
drilled,3,0,3,-3
razors,1,1,0,1
funk,1,0,1,-1
injustices,2,1,1,0
simps,1,1,0,1
narrator,12,7,5,2
ticketmaster,8,4,4,0
panera,1,1,0,1
outlet,10,1,9,-8
lakewood,10,1,9,-8
akitas,4,1,3,-2
pleasant,25,19,6,13
eden,1,1,0,1
oreos,3,1,2,-1
slur,1,1,0,1
encouraged,4,3,1,2
customized,1,0,1,-1
owns,42,15,27,-12
irl,2,2,0,2
platform,4,1,3,-2
goo,4,1,3,-2
regard,11,7,4,3
hides,4,2,2,0
athletic,16,10,6,4
openings,4,4,0,4
steroid,3,0,3,-3
places,84,30,54,-24
poof,3,0,3,-3
tboy,1,1,0,1
imp,2,1,1,0
hypothetically,25,11,14,-3
suicide,3,2,1,1
valerie,5,2,3,-1
nutrients,4,2,2,0
greasy,5,2,3,-1
familiar,31,8,23,-15
negotiation,1,0,1,-1
artist,84,63,21,42
fascinated,1,0,1,-1
baby,388,175,213,-38
jung,1,1,0,1
bragging,7,3,4,-1
overestimating,1,1,0,1
circuit,7,4,3,1
figure,175,66,109,-43
antagonist,1,1,0,1
elliy,1,0,1,-1
application,25,14,11,3
pastimes,1,0,1,-1
chest,22,14,8,6
wholeheartedly,10,2,8,-6
api,2,2,0,2
donation,2,2,0,2
bacterial,1,1,0,1
forgotten,26,4,22,-18
continuous,2,1,1,0
dylin,1,0,1,-1
dimple,2,0,2,-2
dolphins,5,1,4,-3
boulderingproject,1,0,1,-1
faulted,1,0,1,-1
zigzag,1,0,1,-1
palette,1,1,0,1
misusing,1,0,1,-1
landing,10,4,6,-2
prolonging,1,1,0,1
bubly,2,0,2,-2
corner,36,7,29,-22
locals,4,2,2,0
kacey,11,6,5,1
whatthefuck,1,1,0,1
apparent,1,1,0,1
pandemic,8,1,7,-6
stepdad,2,0,2,-2
errrrmmmmm,1,1,0,1
josiah,1,1,0,1
toura,3,0,3,-3
smallbusinesssupportingsmallbusiness,1,0,1,-1
affirmative,1,0,1,-1
shemales,1,1,0,1
promptly,5,0,5,-5
quickly,72,19,53,-34
introducing,10,6,4,2
influencing,2,2,0,2
brutal,1,1,0,1
ions,1,0,1,-1
owe,7,6,1,5
shotgun,1,1,0,1
sickening,1,1,0,1
dz,1,0,1,-1
cutsie,1,1,0,1
downturned,3,3,0,3
hesitantly,1,0,1,-1
tb,2,1,1,0
conveys,3,2,1,1
yay,34,33,1,32
flustered,4,2,2,0
follower,1,0,1,-1
seals,2,2,0,2
mortician,3,2,1,1
specialties,1,0,1,-1
economical,1,1,0,1
brittni,2,2,0,2
chloe,4,4,0,4
due,40,17,23,-6
insufferable,25,13,12,1
clinic,58,12,46,-34
maggierogers,3,2,1,1
disinfect,1,0,1,-1
attitudes,4,3,1,2
bears,12,3,9,-6
drilling,4,2,2,0
about,4956,2169,2787,-618
resparked,1,1,0,1
redacted,2,2,0,2
cocktail,3,1,2,-1
keyboards,1,0,1,-1
firmer,1,0,1,-1
zillow,21,9,12,-3
yr,3,0,3,-3
heavenly,1,1,0,1
disliked,426,119,307,-188
inclined,9,2,7,-5
eyeshadow,1,1,0,1
unscrew,5,1,4,-3
licks,2,1,1,0
exceptionally,3,1,2,-1
kneebaring,1,1,0,1
blazing,1,0,1,-1
suffer,2,0,2,-2
spool,1,1,0,1
sore,12,9,3,6
three,182,30,152,-122
ankles,7,2,5,-3
sunny,14,1,13,-12
brakes,8,5,3,2
randomest,1,0,1,-1
faster,38,13,25,-12
justine,1,0,1,-1
ban,15,8,7,1
scrubs,1,0,1,-1
transangelic,1,1,0,1
traced,2,2,0,2
adjacency,1,1,0,1
girlsclimb,3,0,3,-3
belltown,3,0,3,-3
oem,1,0,1,-1
wo,2,2,0,2
prophetic,3,2,1,1
sosososososo,1,0,1,-1
den,1,0,1,-1
star,97,43,54,-11
die,76,40,36,4
shrewd,1,1,0,1
tacoma,58,19,39,-20
progressive,3,1,2,-1
apartments,8,5,3,2
coal,1,1,0,1
haze,10,6,4,2
rads,1,1,0,1
denser,2,1,1,0
unanimously,2,1,1,0
freakish,2,2,0,2
jordan,4,4,0,4
loses,11,6,5,1
asks,65,24,41,-17
reinforced,1,1,0,1
neuron,9,0,9,-9
wokeness,1,1,0,1
anywhere,57,15,42,-27
pathetic,2,2,0,2
victron,21,0,21,-21
rogue,2,1,1,0
struck,7,5,2,3
bra,66,24,42,-18
atrophy,4,2,2,0
picturing,20,8,12,-4
region,2,1,1,0
cuddly,2,1,1,0
rayon,2,0,2,-2
emotes,1,1,0,1
pronounce,7,3,4,-1
conditioned,3,3,0,3
notebook,8,8,0,8
declared,3,2,1,1
amusement,2,0,2,-2
crowdfunded,1,0,1,-1
hammered,2,0,2,-2
severe,1,0,1,-1
option,183,68,115,-47
sustainable,1,1,0,1
fasting,1,0,1,-1
riot,1,1,0,1
strikes,8,1,7,-6
lipa,5,2,3,-1
acts,10,4,6,-2
myself,361,190,171,19
dire,1,1,0,1
brandi,2,1,1,0
ickyyy,1,1,0,1
profiles,4,4,0,4
beading,1,0,1,-1
manda,1,1,0,1
jackass,2,2,0,2
trans,688,521,167,354
overlaps,1,1,0,1
rendition,1,1,0,1
emily,28,6,22,-16
remodels,2,0,2,-2
anthony,10,7,3,4
dumpster,8,3,5,-2
modelers,1,1,0,1
mermaid,1,0,1,-1
metro,4,1,3,-2
colorado,69,17,52,-35
switcheroo,1,0,1,-1
reorder,2,1,1,0
mid,49,35,14,21
creating,9,5,4,1
jah,3,1,2,-1
offering,25,8,17,-9
dm,5,3,2,1
dealerships,2,2,0,2
metaphor,1,0,1,-1
modify,1,1,0,1
teenagers,5,2,3,-1
stumbled,11,4,7,-3
image,24,17,7,10
generational,1,1,0,1
establish,6,2,4,-2
contested,1,1,0,1
distant,3,1,2,-1
html,58,11,47,-36
ebegging,2,2,0,2
bulldozer,2,1,1,0
cram,2,2,0,2
hering,1,0,1,-1
quirks,4,2,2,0
traditionally,5,1,4,-3
poppygart,1,0,1,-1
begging,15,8,7,1
transsexualism,1,1,0,1
blown,12,6,6,0
fearless,3,0,3,-3
refinancing,1,0,1,-1
inundated,1,0,1,-1
inclusive,16,7,9,-2
vehicle,36,7,29,-22
sea,15,5,10,-5
noonish,1,1,0,1
asmr,8,2,6,-4
troubled,5,4,1,3
specs,2,1,1,0
purifier,4,2,2,0
kindle,11,5,6,-1
explain,147,74,73,1
nov,2,2,0,2
cooky,2,2,0,2
scuffed,1,1,0,1
dad,349,165,184,-19
mommas,1,1,0,1
came,382,124,258,-134
pcs,5,4,1,3
layout,16,4,12,-8
benign,2,2,0,2
eyeglasses,3,3,0,3
math,37,16,21,-5
resigned,2,2,0,2
rising,4,2,2,0
beaa,2,0,2,-2
jayden,1,1,0,1
intervention,6,4,2,2
pushes,5,0,5,-5
inheriting,2,2,0,2
daiertek,2,2,0,2
dancers,1,0,1,-1
bootleg,1,1,0,1
competition,28,12,16,-4
sweetie,8,5,3,2
adertise,1,0,1,-1
insider,2,1,1,0
sheepish,1,0,1,-1
fallen,15,10,5,5
awwwwwwwwww,2,2,0,2
blossom,1,0,1,-1
redfin,1,1,0,1
us,672,220,452,-232
eagle,21,9,12,-3
whistle,6,0,6,-6
noses,3,3,0,3
salts,1,1,0,1
intro,6,3,3,0
women's,27,12,15,-3
saves,15,8,7,1
mode,20,14,6,8
patient,23,17,6,11
retrace,1,0,1,-1
victims,1,0,1,-1
acting,36,11,25,-14
soundcamps,1,0,1,-1
waivers,8,7,1,6
rapids,1,1,0,1
breathes,1,0,1,-1
creative,33,21,12,9
switzerland,4,1,3,-2
prob,25,25,0,25
steady,25,20,5,15
intend,5,2,3,-1
butcher,1,1,0,1
tore,4,0,4,-4
succeeded,3,0,3,-3
hahahahahahah,2,2,0,2
esp,5,5,0,5
knocked,4,1,3,-2
ow,3,1,2,-1
dentists,3,0,3,-3
dogwoodlifestyle,1,1,0,1
eavesdropping,1,0,1,-1
th,3,1,2,-1
freyja,3,0,3,-3
neighborhood,17,4,13,-9
fitment,1,0,1,-1
chose,33,12,21,-9
southbound,1,0,1,-1
announce,14,2,12,-10
misery,2,2,0,2
lolll,3,3,0,3
shawn,3,0,3,-3
unreasonably,5,2,3,-1
twofold,1,0,1,-1
thompson,2,0,2,-2
pine,4,1,3,-2
routsetter,3,3,0,3
vuoriclothing,25,8,17,-9
melancholic,1,1,0,1
spit,8,2,6,-4
goin,2,2,0,2
meshki,1,0,1,-1
gay,252,158,94,64
emotionalness,1,1,0,1
sublingual,16,9,7,2
justin,9,3,6,-3
indicator,5,5,0,5
heartbreakingly,1,1,0,1
unfazed,1,0,1,-1
dorm,5,1,4,-3
teardrop,1,0,1,-1
menopausal,1,1,0,1
knowledgeable,4,1,3,-2
shape,53,21,32,-11
preferable,2,2,0,2
leash,68,24,44,-20
demeaning,3,1,2,-1
looked,183,76,107,-31
diana,1,1,0,1
ham,11,5,6,-1
pursuit,1,0,1,-1
raining,16,5,11,-6
procrastinators,1,0,1,-1
undermines,2,0,2,-2
skim,3,1,2,-1
penetrative,8,8,0,8
washing,15,6,9,-3
ripleys,1,1,0,1
harness,36,8,28,-20
bikini,6,3,3,0
severity,2,0,2,-2
dalmatians,1,0,1,-1
semester,5,1,4,-3
auxillary,1,0,1,-1
yeahhh,10,10,0,10
swelling,2,1,1,0
powe,1,0,1,-1
verily,1,1,0,1
smaller,69,21,48,-27
homosexual,1,1,0,1
hi,265,136,129,7
pjs,2,0,2,-2
unhappily,1,0,1,-1
subliminal,1,0,1,-1
growled,3,2,1,1
hardboiled,1,0,1,-1
type,260,109,151,-42
simpson,7,2,5,-3
love,2214,1285,929,356
bone,14,6,8,-2
heater,14,2,12,-10
brochure,1,0,1,-1
deter,5,1,4,-3
faeb,1,0,1,-1
backpacking,4,0,4,-4
can,4470,1645,2825,-1180
truther,2,2,0,2
bubbby,1,1,0,1
cultivated,1,1,0,1
sneeze,5,2,3,-1
antagonizing,1,0,1,-1
sadness,8,4,4,0
beater,2,2,0,2
protection,19,9,10,-1
doc,1,0,1,-1
receipts,3,3,0,3
bleached,1,1,0,1
fig,177,40,137,-97
dishing,1,1,0,1
kennel,2,0,2,-2
woulda,3,3,0,3
sailed,1,1,0,1
iyla,1,0,1,-1
grandson,2,2,0,2
iffy,4,4,0,4
befriend,5,1,4,-3
marge,3,2,1,1
belittling,1,0,1,-1
sarahebaus,2,0,2,-2
item,21,10,11,-1
cuddled,2,2,0,2
ohhhhh,15,14,1,13
caring,16,11,5,6
kalashnikoff,1,0,1,-1
grammy,1,0,1,-1
snowhomeish,1,1,0,1
rapid,3,0,3,-3
belgian,3,0,3,-3
faggy,1,1,0,1
twisting,1,1,0,1
dangling,2,0,2,-2
molded,2,0,2,-2
chronologically,1,0,1,-1
thet,2,2,0,2
starring,6,3,3,0
sideways,11,3,8,-5
practiced,3,2,1,1
trade,28,9,19,-10
clothing,17,9,8,1
enthusiast,3,3,0,3
outlined,1,0,1,-1
layer,17,10,7,3
inflammatory,2,1,1,0
cosmetic,4,3,1,2
pone,1,0,1,-1
infamous,3,2,1,1
booo,10,10,0,10
fbad,0,0,0,0
taylor's,3,0,3,-3
budgeted,2,0,2,-2
cakes,1,1,0,1
transcription,1,1,0,1
strata,1,1,0,1
planted,3,2,1,1
yikes,24,22,2,20
nordstromrack,2,0,2,-2
alright,15,3,12,-9
dream,184,96,88,8
stated,11,6,5,1
happier,13,8,5,3
woker,1,1,0,1
brewery,5,0,5,-5
bernese,7,1,6,-5
tossing,1,1,0,1
rainstop,2,2,0,2
fgm,1,1,0,1
primed,3,3,0,3
musicals,2,0,2,-2
bushes,1,0,1,-1
compromises,1,0,1,-1
integrate,2,1,1,0
congruent,1,1,0,1
icing,1,0,1,-1
hyptoethically,1,1,0,1
julianne,2,0,2,-2
alpha,8,5,3,2
conveying,1,0,1,-1
hahahahaha,6,6,0,6
hazel,7,3,4,-1
decoy,1,1,0,1
raquel,1,1,0,1
educate,6,5,1,4
biden,1,0,1,-1
bridges,6,2,4,-2
barges,1,0,1,-1
kiki,1,1,0,1
mania,1,1,0,1
crowd,9,6,3,3
premiere,3,0,3,-3
panties,2,0,2,-2
normalize,4,2,2,0
wolf,16,5,11,-6
dukesmayo,1,0,1,-1
essentials,8,7,1,6
pin,11,4,7,-3
regulations,1,1,0,1
interpreted,4,2,2,0
greeted,1,1,0,1
dude,26,19,7,12
respective,1,1,0,1
avclub,1,0,1,-1
chic,3,2,1,1
rebuild,2,1,1,0
tans,1,0,1,-1
quiet,61,20,41,-21
struts,6,1,5,-4
puzzles,5,2,3,-1
lightweight,10,3,7,-4
prospects,4,2,2,0
mean,692,254,438,-184
antagonism,1,1,0,1
unreasonable,9,7,2,5
scarlett,7,3,4,-1
au,1,0,1,-1
induction,4,0,4,-4
frequency,5,5,0,5
layoffs,2,2,0,2
hopefully,46,29,17,12
reusable,6,1,5,-4
lamb,1,1,0,1
potency,1,1,0,1
jeetch,1,0,1,-1
fleece,13,6,7,-1
managerial,1,0,1,-1
since,390,114,276,-162
chapstick,2,1,1,0
dton,1,0,1,-1
charon,1,1,0,1
innate,1,1,0,1
leaders,2,1,1,0
compare,29,14,15,-1
hollywoods,1,1,0,1
ofc,40,40,0,40
environmental,6,5,1,4
scrape,12,1,11,-10
speakers,7,2,5,-3
babadook,2,2,0,2
triggered,2,0,2,-2
squish,2,0,2,-2
mail,28,8,20,-12
persistent,3,0,3,-3
hahahahahah,2,2,0,2
dozer,4,2,2,0
custard,6,1,5,-4
stadium,2,1,1,0
ghosting,5,2,3,-1
pitches,1,0,1,-1
guilt,7,3,4,-1
outrageous,3,2,1,1
yuck,9,9,0,9
crop,70,13,57,-44
old,518,228,290,-62
diligently,1,1,0,1
none,136,38,98,-60
highland,1,1,0,1
impact,20,15,5,10
kirkland,15,2,13,-11
midsole,2,2,0,2
lie,74,35,39,-4
cha,1,0,1,-1
competitive,15,8,7,1
weathers,1,0,1,-1
sentiment,4,3,1,2
tucci,2,1,1,0
hardest,31,16,15,1
currently,79,37,42,-5
northern,1,1,0,1
creek,6,0,6,-6
habits,9,6,3,3
tuckerman,139,105,34,71
wake,45,15,30,-15
bars,16,13,3,10
civilizations,1,1,0,1
cankle,1,0,1,-1
enlisting,1,0,1,-1
generic,18,3,15,-12
tica,1,0,1,-1
troupe,2,0,2,-2
valor,2,2,0,2
forestland,3,1,2,-1
shopping,39,21,18,3
act,53,27,26,1
opposite,100,30,70,-40
paris,9,6,3,3
aly,1,1,0,1
tokidoki,1,1,0,1
husband,56,19,37,-18
electop,3,3,0,3
potent,2,0,2,-2
pmid,1,0,1,-1
hairs,12,4,8,-4
codi,1,1,0,1
manic,4,3,1,2
tormented,1,1,0,1
terrible,402,176,226,-50
volunteered,3,1,2,-1
heres,4,4,0,4
krysten,1,1,0,1
dome,1,1,0,1
millers,1,1,0,1
nighttime,5,4,1,3
cooper,4,2,2,0
courthouse,2,2,0,2
expenses,6,3,3,0
noticeably,8,2,6,-4
alternatives,3,0,3,-3
confessor,1,1,0,1
risking,6,1,5,-4
coat,16,10,6,4
zipped,2,2,0,2
sorted,5,3,2,1
enormous,6,0,6,-6
htleather,2,2,0,2
observes,1,1,0,1
liable,1,1,0,1
misfortune,1,1,0,1
opposed,25,7,18,-11
brave,157,58,99,-41
identical,35,6,29,-23
warmed,3,0,3,-3
aggressive,29,10,19,-9
hunger,4,1,3,-2
kenya,3,2,1,1
looks,469,209,260,-51
hanukkah,1,0,1,-1
pressing,6,2,4,-2
catch,34,19,15,4
congratulations,3,1,2,-1
themd,3,3,0,3
odometer,1,0,1,-1
losers,2,1,1,0
smoothly,6,2,4,-2
inefficiently,1,0,1,-1
cringe,24,13,11,2
manual,7,4,3,1
daaa,1,0,1,-1
millimoles,2,0,2,-2
cancellation,2,1,1,0
mariners,2,0,2,-2
ariana,1,0,1,-1
defeats,3,2,1,1
dropbox,2,2,0,2
peesees,1,0,1,-1
responsibly,1,1,0,1
girlsboulder,1,0,1,-1
carfax,15,2,13,-11
plasma,1,1,0,1
cancelled,16,0,16,-16
downclimbing,3,1,2,-1
acoustic,20,5,15,-10
bu,1,1,0,1
dvr,3,2,1,1
symptom,5,3,2,1
templates,2,1,1,0
stiff,7,2,5,-3
doubted,2,0,2,-2
jr,4,3,1,2
anika,1,0,1,-1
where,979,449,530,-81
puccio,1,1,0,1
im,509,500,9,491
increase,21,7,14,-7
fitness,12,8,4,4
wobble,2,0,2,-2
thermometer,1,0,1,-1
contributions,1,0,1,-1
mathilde,1,1,0,1
researcher,2,2,0,2
stepmom,5,3,2,1
apology,8,5,3,2
crippling,4,2,2,0
traded,6,4,2,2
haglof,1,1,0,1
ribbon,2,1,1,0
tumwater,1,1,0,1
maps,11,1,10,-9
colonizer,1,0,1,-1
salvaged,1,1,0,1
kitchen,50,24,26,-2
reschedule,2,1,1,0
withholding,2,0,2,-2
designer,4,2,2,0
witchy,1,0,1,-1
vanderslice,27,20,7,13
remains,10,4,6,-2
transer,1,1,0,1
fireflies,1,1,0,1
cruelty,1,1,0,1
idiom,3,2,1,1
merlot,1,0,1,-1
horoscope,1,0,1,-1
strategically,2,1,1,0
calling,88,43,45,-2
idiots,5,1,4,-3
unmake,1,0,1,-1
eim,2,2,0,2
stripping,14,3,11,-8
media,21,17,4,13
feminine,25,21,4,17
compulsively,8,6,2,4
highlights,8,2,6,-4
hiring,29,12,17,-5
sleepless,1,0,1,-1
brooks,5,3,2,1
jerked,1,0,1,-1
diler,2,2,0,2
duper,2,2,0,2
evie,1,0,1,-1
estimated,4,0,4,-4
charismatic,1,0,1,-1
biter,1,0,1,-1
sidelines,1,1,0,1
execute,2,2,0,2
dynamic,31,24,7,17
to,32922,13801,19121,-5320
ironically,7,4,3,1
leg,76,24,52,-28
haim,10,0,10,-10
boxer,3,3,0,3
scoliosis,1,0,1,-1
destoroyah,1,1,0,1
patreon,1,1,0,1
dark,50,19,31,-12
wife,80,35,45,-10
sets,34,18,16,2
mischief,1,1,0,1
ellyy,1,1,0,1
pose,15,10,5,5
goldblum,1,1,0,1
lissajostewart,1,0,1,-1
pharmacist,15,10,5,5
enjoying,16,9,7,2
cook,28,11,17,-6
reconnected,1,0,1,-1
wwww,1,1,0,1
everytime,13,13,0,13
proudest,2,0,2,-2
hormones,124,82,42,40
tinting,2,0,2,-2
verses,2,1,1,0
plagiarized,2,0,2,-2
column,1,1,0,1
hahahahahahha,1,1,0,1
peas,1,1,0,1
skis,3,0,3,-3
suunto,2,0,2,-2
floodgates,2,1,1,0
nominated,4,0,4,-4
margeaux,2,1,1,0
mezzanine,3,0,3,-3
rights,16,6,10,-4
constraints,2,1,1,0
gamble,10,8,2,6
tha,1,0,1,-1
payless,4,0,4,-4
tomoa,1,0,1,-1
bandwagon,1,1,0,1
bytedance,1,1,0,1
versatile,7,6,1,5
structu,1,0,1,-1
booking,1,0,1,-1
uglier,8,5,3,2
fucking,143,121,22,99
cops,9,5,4,1
objects,4,3,1,2
ali,1,0,1,-1
who,2149,1005,1144,-139
stickier,1,1,0,1
pipos,1,0,1,-1
decorative,7,3,4,-1
rudd,2,1,1,0
pleated,3,1,2,-1
tooooooo,1,1,0,1
astonishing,7,0,7,-7
pimple,2,0,2,-2
cfdb,1,0,1,-1
living,147,70,77,-7
photoshoot,1,0,1,-1
ascents,1,1,0,1
moderns,1,1,0,1
uncie,1,1,0,1
spirited,3,1,2,-1
encounter,3,1,2,-1
judges,6,6,0,6
gendre,1,1,0,1
dusty,6,1,5,-4
girls,337,210,127,83
cure,7,2,5,-3
teaching,28,3,25,-22
beams,6,1,5,-4
attempting,3,2,1,1
refound,1,1,0,1
studying,8,2,6,-4
deadly,1,0,1,-1
hatching,2,1,1,0
surrounding,1,1,0,1
goto,7,5,2,3
supervising,4,1,3,-2
saw,369,194,175,19
ll,1424,454,970,-516
daily,62,28,34,-6
failing,14,2,12,-10
thurston,1,1,0,1
barber,1,1,0,1
underweight,1,0,1,-1
skeptical,8,3,5,-2
quality,70,22,48,-26
honesty,9,2,7,-5
inability,3,2,1,1
lynnwood,4,0,4,-4
push,53,15,38,-23
hardly,41,31,10,21
transwomen,3,3,0,3
populated,1,1,0,1
tattoos,24,14,10,4
flaws,7,4,3,1
intent,3,3,0,3
yayayay,2,2,0,2
praying,2,1,1,0
summarizing,1,0,1,-1
overstimulated,8,0,8,-8
weekly,11,7,4,3
snowhomish,1,1,0,1
explained,20,13,7,6
gunn,1,1,0,1
barrowman,1,1,0,1
season,41,15,26,-11
bunches,3,0,3,-3
noble,5,2,3,-1
ruffles,4,2,2,0
touchs,1,1,0,1
tolling,4,2,2,0
her,2764,1033,1731,-698
beyond,45,11,34,-23
dbcb,1,1,0,1
strained,1,0,1,-1
jewel,4,0,4,-4
ensuring,1,0,1,-1
wc,1,1,0,1
frown,3,2,1,1
confuses,5,4,1,3
pair,84,32,52,-20
scowl,6,0,6,-6
reference,49,29,20,9
roboaly,1,1,0,1
groomsman,1,0,1,-1
hipster,3,3,0,3
nevernude,1,0,1,-1
antibodies,8,4,4,0
abrusci,1,0,1,-1
decorating,1,0,1,-1
contractor,5,1,4,-3
hints,6,3,3,0
needhormones,1,1,0,1
underworld,1,1,0,1
couch,120,65,55,10
unforgivable,1,0,1,-1
chemist,4,1,3,-2
thirst,1,1,0,1
julien,4,2,2,0
motel,3,1,2,-1
vaseline,1,0,1,-1
ozzy,4,0,4,-4
electrics,1,0,1,-1
cassidy,2,0,2,-2
parked,10,3,7,-4
versed,1,1,0,1
persephone,1,1,0,1
reese,1,0,1,-1
evey,19,0,19,-19
handmadedogcollars,1,0,1,-1
sketch,2,2,0,2
rm,1,1,0,1
script,5,4,1,3
they're,5,4,1,3
sensor,8,3,5,-2
cheetah,1,0,1,-1
pursued,3,3,0,3
camila,2,0,2,-2
peanut,34,11,23,-12
underwater,1,0,1,-1
worthless,7,4,3,1
fri,3,3,0,3
yappier,2,2,0,2
elsewhere,23,11,12,-1
flexed,1,1,0,1
lequality,1,0,1,-1
abcs,4,2,2,0
polyamorous,2,2,0,2
soonest,4,2,2,0
amp,11,7,4,3
ebriosity,3,0,3,-3
eyela,1,1,0,1
operates,4,2,2,0
maverick,2,2,0,2
pomegranate,2,1,1,0
lisa,17,6,11,-5
deadener,3,2,1,1
wolves,2,2,0,2
particularly,33,14,19,-5
chin,8,6,2,4
maanantai,1,1,0,1
unblock,1,0,1,-1
awk,3,3,0,3
bridgette,1,1,0,1
she,5132,1652,3480,-1828
fatter,2,1,1,0
mojito,1,1,0,1
literally,412,127,285,-158
airports,1,1,0,1
flattering,8,5,3,2
badc,1,0,1,-1
yawns,1,1,0,1
sooner,20,7,13,-6
craftmemore,2,2,0,2
dump,10,1,9,-8
world,324,172,152,20
huge,375,142,233,-91
innies,3,0,3,-3
ranted,1,1,0,1
tristan,1,0,1,-1
crushed,2,1,1,0
tanks,3,1,2,-1
instructed,1,0,1,-1
mi,3,1,2,-1
pretending,24,7,17,-10
youve,2,2,0,2
vincent,14,1,13,-12
buytl,2,2,0,2
resists,3,0,3,-3
forceofnature,1,0,1,-1
crimpy,1,0,1,-1
duck,17,9,8,1
friendzoned,3,3,0,3
midwest,2,0,2,-2
potential,40,23,17,6
stockholm,1,0,1,-1
stovestainless,1,1,0,1
reorganize,1,0,1,-1
orion,2,0,2,-2
ordinary,1,0,1,-1
dwell,1,1,0,1
coated,7,3,4,-1
tendon,1,0,1,-1
simpler,8,2,6,-4
engrossed,1,0,1,-1
queue,7,1,6,-5
unisex,9,7,2,5
vegas,35,7,28,-21
nashville,2,1,1,0
eyeliner,8,7,1,6
discontinued,2,0,2,-2
dbdf,1,0,1,-1
headliner,9,0,9,-9
rival,8,3,5,-2
funky,4,1,3,-2
vocal,12,11,1,10
bc,252,240,12,228
impressions,4,3,1,2
tastes,17,11,6,5
track,44,23,21,2
parasocial,2,2,0,2
loathe,4,4,0,4
proposal,4,0,4,-4
turtleneck,6,1,5,-4
junu,1,1,0,1
trucks,24,6,18,-12
placement,1,1,0,1
traction,4,2,2,0
critiquing,1,1,0,1
transgirl,2,0,2,-2
snuggle,3,3,0,3
radio,17,2,15,-13
edgworks,1,0,1,-1
shove,12,0,12,-12
aebd,1,1,0,1
toughen,1,0,1,-1
xy,3,1,2,-1
standards,19,6,13,-7
molly,49,15,34,-19
expressed,7,1,6,-5
beliefs,5,3,2,1
depressants,6,6,0,6
heaven,1,0,1,-1
lateral,6,3,3,0
hinged,1,0,1,-1
medicate,1,1,0,1
shooting,3,1,2,-1
vans,91,47,44,3
finished,81,21,60,-39
friendsgiving,5,0,5,-5
hater,22,18,4,14
diapers,2,1,1,0
gglpla,2,2,0,2
fracking,1,0,1,-1
inflections,1,1,0,1
motives,4,1,3,-2
solidarity,3,1,2,-1
undatable,2,2,0,2
ellen,2,1,1,0
instigate,1,1,0,1
tampere,1,1,0,1
tomororw,1,0,1,-1
programmed,2,0,2,-2
curable,2,0,2,-2
arete,2,0,2,-2
tonya,9,1,8,-7
fend,2,2,0,2
bribing,1,0,1,-1
impose,5,3,2,1
morning,300,139,161,-22
zora,3,3,0,3
houseplant,1,1,0,1
minor,13,9,4,5
packaging,2,0,2,-2
panty,1,0,1,-1
cupboard,2,0,2,-2
aeef,1,1,0,1
tattooable,1,0,1,-1
lap,32,4,28,-24
secretory,2,1,1,0
bulldogs,1,0,1,-1
clearing,1,0,1,-1
worde,1,0,1,-1
reviewer,1,1,0,1
ul,1,0,1,-1
sites,2,2,0,2
assorted,1,0,1,-1
snugs,4,0,4,-4
signal,8,3,5,-2
flame,3,2,1,1
deposit,3,1,2,-1
amateurish,1,1,0,1
quantify,1,0,1,-1
encapsulates,1,1,0,1
elevator,7,2,5,-3
buzzes,3,0,3,-3
evil,25,23,2,21
brilliant,11,9,2,7
rochlin,1,0,1,-1
blankey,1,1,0,1
letting,52,19,33,-14
townies,1,1,0,1
layers,3,2,1,1
radiationy,2,1,1,0
triggering,3,1,2,-1
info,28,6,22,-16
revolutionary,4,1,3,-2
print,38,19,19,0
trialing,1,1,0,1
eth,1,1,0,1
doorstep,1,0,1,-1
papier,2,2,0,2
mods,1,1,0,1
certificate,2,2,0,2
saana,1,1,0,1
television,1,1,0,1
hoof,2,0,2,-2
cholera,3,1,2,-1
yeppp,1,1,0,1
commission,3,2,1,1
breakfast,51,21,30,-9
rim,1,1,0,1
survey,7,6,1,5
crepe,3,3,0,3
bulbs,5,0,5,-5
townhouse,1,1,0,1
pealing,1,1,0,1
adjust,6,4,2,2
therapists,3,2,1,1
skips,2,0,2,-2
bladerunner,2,0,2,-2
dishes,7,1,6,-5
ontheroam,2,0,2,-2
ledge,4,1,3,-2
airport,31,12,19,-7
uwu,1,1,0,1
decidedly,2,0,2,-2
disorders,6,1,5,-4
forms,4,4,0,4
fluent,2,1,1,0
asians,4,1,3,-2
tiptoe,1,1,0,1
cantonese,1,0,1,-1
marnell,1,1,0,1
auto,24,13,11,2
nieces,1,0,1,-1
counterproductive,4,1,3,-2
ultimately,39,8,31,-23
undergo,1,1,0,1
photoshop,5,1,4,-3
underpaid,3,0,3,-3
shyly,3,3,0,3
imajessica,1,0,1,-1
thrill,3,1,2,-1
eacd,1,1,0,1
description,25,10,15,-5
goodbyes,1,1,0,1
solves,4,1,3,-2
oil,53,20,33,-13
lateness,1,1,0,1
weak,29,7,22,-15
cafc,1,0,1,-1
projection,1,1,0,1
bailed,8,3,5,-2
serviced,2,1,1,0
puppy,246,75,171,-96
artistic,10,7,3,4
pact,2,2,0,2
refreshing,3,2,1,1
brad,11,5,6,-1
blades,4,3,1,2
beth,1,0,1,-1
anonymous,2,2,0,2
guy,779,337,442,-105
manages,3,1,2,-1
decreases,3,2,1,1
lactation,1,0,1,-1
virtual,12,6,6,0
butter,37,13,24,-11
obligation,4,1,3,-2
continually,1,0,1,-1
tickled,1,0,1,-1
pivot,22,4,18,-14
duties,1,0,1,-1
cypro,3,1,2,-1
spy,3,1,2,-1
strategies,3,1,2,-1
prius,1,0,1,-1
worldwide,2,1,1,0
uterus,11,2,9,-7
speech,29,17,12,5
screenshotted,1,1,0,1
king,25,12,13,-1
semicircle,1,0,1,-1
diagnosed,7,2,5,-3
thats,158,152,6,146
unwillingness,1,1,0,1
unmix,1,0,1,-1
checkins,1,1,0,1
use,510,222,288,-66
cited,8,6,2,4
bearings,6,1,5,-4
norepinephrine,2,0,2,-2
indestructible,2,2,0,2
sniffing,2,0,2,-2
austin,5,1,4,-3
centering,1,0,1,-1
poster,3,2,1,1
pokemon,27,13,14,-1
stifled,3,0,3,-3
tiina,1,1,0,1
rapinoe,3,0,3,-3
meyer,16,13,3,10
calculators,3,1,2,-1
crips,1,1,0,1
vrey,1,1,0,1
provider,6,4,2,2
expression,1,1,0,1
advertises,2,2,0,2
argue,37,13,24,-11
objective,8,4,4,0
monotone,2,2,0,2
bloody,4,2,2,0
bahn,1,1,0,1
patricia,1,0,1,-1
lions,2,1,1,0
recreational,5,2,3,-1
webp,9,9,0,9
multiplicity,1,0,1,-1
imo,14,13,1,12
ebay,10,7,3,4
prolong,1,0,1,-1
whaaat,2,2,0,2
representation,12,8,4,4
monetarily,2,2,0,2
defies,5,1,4,-3
influx,2,2,0,2
rustling,1,1,0,1
implies,6,1,5,-4
mateloge,2,2,0,2
offputting,1,1,0,1
sunrise,5,0,5,-5
offend,1,1,0,1
effy,4,2,2,0
eila,1,1,0,1
boarding,4,4,0,4
convention,1,1,0,1
frank,13,0,13,-13
historical,4,4,0,4
yeah,3186,1442,1744,-302
varan,1,1,0,1
piles,3,2,1,1
ups,7,5,2,3
give,572,220,352,-132
fraction,10,3,7,-4
antioch,1,0,1,-1
checking,30,8,22,-14
misreading,1,0,1,-1
stockinteriors,1,0,1,-1
skilsaw,1,1,0,1
cider,1,0,1,-1
capitol,3,0,3,-3
flatter,2,0,2,-2
wizard,2,1,1,0
honeycomb,2,0,2,-2
bebb,1,1,0,1
protonation,1,1,0,1
occasions,7,0,7,-7
strongly,46,27,19,8
syndrome,5,3,2,1
fucked,72,52,20,32
medicines,5,2,3,-1
call,377,186,191,-5
hydrogen,3,0,3,-3
directly,48,26,22,4
register,5,2,3,-1
underlying,2,0,2,-2
padded,5,2,3,-1
choked,4,4,0,4
parading,2,1,1,0
perpendicular,2,0,2,-2
housemate,3,3,0,3
presentation,3,2,1,1
audiobook,14,7,7,0
flathead,1,1,0,1
waititi,1,0,1,-1
dying,41,12,29,-17
uncool,15,0,15,-15
rocknroll,1,0,1,-1
homedetails,6,4,2,2
egg,32,3,29,-26
confident,40,19,21,-2
fest,6,4,2,2
skewing,2,0,2,-2
incompetence,2,1,1,0
jade,3,3,0,3
databases,1,1,0,1
encompassing,1,1,0,1
outburst,1,0,1,-1
succefully,1,1,0,1
function,12,9,3,6
spirals,1,0,1,-1
prescriptions,12,10,2,8
gothenburg,2,2,0,2
expanding,2,0,2,-2
opinion,239,63,176,-113
knife,7,5,2,3
cabbage,1,0,1,-1
luna,7,5,2,3
vaginoplasty,4,3,1,2
anyone,258,128,130,-2
my,7436,4157,3279,878
prohibit,1,0,1,-1
lama,2,1,1,0
bfca,1,1,0,1
satyr,1,1,0,1
tobey,6,1,5,-4
competes,1,1,0,1
converted,10,5,5,0
undermined,1,0,1,-1
cautionary,1,1,0,1
exclamation,6,2,4,-2
soon,210,75,135,-60
cent,3,2,1,1
lasers,5,5,0,5
arranging,1,0,1,-1
enjoyable,3,1,2,-1
haemoglobin,2,2,0,2
confines,1,1,0,1
detract,2,2,0,2
fife,4,1,3,-2
catherine,1,1,0,1
foreseeing,1,1,0,1
smoke,22,12,10,2
est,4,1,3,-2
thrifted,3,1,2,-1
pedals,2,0,2,-2
broccoli,1,0,1,-1
arianakondos,1,0,1,-1
kroll,2,0,2,-2
limits,7,5,2,3
pocket,79,23,56,-33
supposed,268,99,169,-70
physically,36,21,15,6
oxymoronic,1,1,0,1
saving,25,12,13,-1
section,29,4,25,-21
manipulator,2,1,1,0
grace,876,237,639,-402
tracks,16,4,12,-8
lighter,12,2,10,-8
admirer,1,1,0,1
selections,3,0,3,-3
trains,3,0,3,-3
despite,55,23,32,-9
guesses,13,8,5,3
esmee,2,1,1,0
taylorswift,6,1,5,-4
burger,5,1,4,-3
willing,124,43,81,-38
pharmacists,13,0,13,-13
hairstylist,1,0,1,-1
skirt,36,16,20,-4
feather,6,2,4,-2
gold,48,18,30,-12
ltw,1,0,1,-1
antagonize,7,5,2,3
snews,1,1,0,1
decent,34,23,11,12
common,105,54,51,3
numb,2,2,0,2
communication,13,8,5,3
insanity,4,4,0,4
taken,78,32,46,-14
scrutiny,1,1,0,1
grande,1,0,1,-1
calmer,3,2,1,1
affiliated,1,0,1,-1
vehemently,1,1,0,1
devastating,3,2,1,1
embrace,6,2,4,-2
rave,5,4,1,3
lmaooooooo,1,1,0,1
economy,2,1,1,0
investors,1,0,1,-1
fluidity,1,0,1,-1
testimonial,1,1,0,1
accomplishment,6,2,4,-2
universal,15,5,10,-5
pouring,5,0,5,-5
indianola,1,0,1,-1
intertwined,1,1,0,1
unequivocally,1,1,0,1
ensure,7,4,3,1
rex,6,1,5,-4
lice,1,0,1,-1
scowling,3,0,3,-3
answering,10,5,5,0
julie,1,0,1,-1
kerry,133,103,30,73
babied,5,4,1,3
shutdown,1,0,1,-1
bracket,13,6,7,-1
muscular,6,4,2,2
sandpaper,5,3,2,1
unsweetened,3,0,3,-3
downed,1,1,0,1
intimidating,4,2,2,0
preaches,2,1,1,0
nugget,10,1,9,-8
lou,14,9,5,4
opoajkhxdsg,1,1,0,1
otherwise,100,26,74,-48
shoves,1,1,0,1
bcae,2,2,0,2
oval,3,2,1,1
infer,3,1,2,-1
sword,11,4,7,-3
presents,19,9,10,-1
whirly,2,1,1,0
feminist,4,3,1,2
hypovolemia,1,1,0,1
groceries,3,1,2,-1
hyprod,1,0,1,-1
casually,19,5,14,-9
september,19,2,17,-15
sneakily,5,2,3,-1
framed,8,4,4,0
themselves,60,16,44,-28
crown,3,2,1,1
grapes,12,3,9,-6
headphone,1,0,1,-1
insides,2,0,2,-2
loops,2,2,0,2
components,5,3,2,1
tater,1,0,1,-1
tape,43,10,33,-23
percy,28,10,18,-8
unless,139,64,75,-11
mirror,31,17,14,3
summation,1,1,0,1
joined,8,5,3,2
uphill,13,0,13,-13
findalottolove,1,0,1,-1
roasted,2,1,1,0
ever,825,398,427,-29
moose,1,1,0,1
shuts,6,4,2,2
brawny,3,0,3,-3
pairs,24,4,20,-16
london,4,3,1,2
maisie,6,0,6,-6
blocking,13,2,11,-9
honnold,8,7,1,6
loose,23,2,21,-19
staring,31,12,19,-7
downtown,6,4,2,2
jewish,16,7,9,-2
carry,23,6,17,-11
serial,2,1,1,0
predominantly,1,1,0,1
washed,9,3,6,-3
recommendation,29,16,13,3
gyro,2,2,0,2
salesperson,1,1,0,1
slotnum,1,0,1,-1
orla,13,8,5,3
cutee,5,5,0,5
brat,1,1,0,1
og,2,0,2,-2
chad,58,8,50,-42
no,4048,1433,2615,-1182
androgen,1,1,0,1
sophie,4,4,0,4
customization,1,1,0,1
listened,87,40,47,-7
explicitly,15,9,6,3
secure,10,6,4,2
sand,4,3,1,2
devaluing,1,0,1,-1
necromancer,1,1,0,1
pepsi,7,5,2,3
shoutouts,1,1,0,1
warrior,2,1,1,0
modules,1,0,1,-1
vagina,19,7,12,-5
machines,4,3,1,2
roosa,1,1,0,1
finale,3,2,1,1
pretend,69,22,47,-25
spurs,1,0,1,-1
permanently,4,1,3,-2
fccf,1,0,1,-1
avif,2,2,0,2
tinkerbell,1,1,0,1
smells,14,6,8,-2
condensed,1,0,1,-1
slate,6,5,1,4
microsoft,3,1,2,-1
hugged,6,4,2,2
portfolio,3,2,1,1
blocz,1,1,0,1
bending,3,2,1,1
douche,1,1,0,1
coupon,4,4,0,4
lengths,7,2,5,-3
heterosexual,2,2,0,2
beg,11,7,4,3
refers,6,3,3,0
bossing,1,0,1,-1
booths,1,1,0,1
equivalent,14,6,8,-2
instagram,303,115,188,-73
cars,81,25,56,-31
tatum,2,0,2,-2
same,1149,484,665,-181
translations,3,2,1,1
steadfast,1,1,0,1
incompetent,3,2,1,1
dab,3,1,2,-1
spotlights,1,1,0,1
sharp,7,3,4,-1
participant,4,4,0,4
knowing,100,47,53,-6
budgets,1,0,1,-1
gun,14,8,6,2
nongendered,1,0,1,-1
expectancies,1,1,0,1
accentuated,1,0,1,-1
brads,2,1,1,0
swept,6,0,6,-6
shown,18,12,6,6
ferrules,1,1,0,1
flips,1,1,0,1
carplay,13,6,7,-1
relationships,51,38,13,25
survival,2,2,0,2
bedtime,17,4,13,-9
airlines,1,1,0,1
brighten,1,1,0,1
chaperone,2,2,0,2
individually,18,10,8,2
finders,1,0,1,-1
premie,1,1,0,1
implement,3,1,2,-1
gotten,128,32,96,-64
cptsd,2,1,1,0
kick,11,6,5,1
narrower,3,0,3,-3
fit,181,55,126,-71
ssri,8,5,3,2
prong,5,0,5,-5
dispassionately,1,1,0,1
croc,5,1,4,-3
lockdown,1,0,1,-1
atticus,1,1,0,1
north,23,8,15,-7
surprisingly,38,8,30,-22
abstracts,1,0,1,-1
afterthought,2,1,1,0
mammoth,3,2,1,1
licensing,1,0,1,-1
fighting,53,34,19,15
cleaned,13,3,10,-7
xibalba,2,0,2,-2
statically,1,0,1,-1
jumpsuit,41,23,18,5
rattling,1,0,1,-1
invited,87,28,59,-31
coppercanyonpress,1,0,1,-1
believed,11,6,5,1
loveslaveofjesus,1,0,1,-1
psychologist,5,5,0,5
forwarded,3,1,2,-1
outclimbed,1,1,0,1
noriko,2,1,1,0
iphone,28,8,20,-12
declares,1,0,1,-1
taxes,22,9,13,-4
sponge,1,0,1,-1
imports,1,0,1,-1
polyester,3,1,2,-1
favor,33,19,14,5
century,8,5,3,2
slumber,1,0,1,-1
ordeal,5,3,2,1
criticize,7,4,3,1
hit,85,36,49,-13
brand,89,29,60,-31
tallahassee,2,1,1,0
prescripton,1,0,1,-1
kaleigh,1,1,0,1
norms,8,7,1,6
finds,15,8,7,1
whichever,19,2,17,-15
stations,14,4,10,-6
awd,3,0,3,-3
shot,30,15,15,0
dinette,2,0,2,-2
fees,5,2,3,-1
benchmark,3,1,2,-1
shamelessly,2,1,1,0
johnson,21,13,8,5
jpeg,2112,1213,899,314
propaganda,2,1,1,0
proportional,6,0,6,-6
unapologetic,2,1,1,0
satisfaction,3,0,3,-3
olivia,29,19,10,9
unfolded,1,0,1,-1
evenings,1,0,1,-1
mild,16,14,2,12
stanford,1,1,0,1
desires,6,4,2,2
relied,1,0,1,-1
four,27,4,23,-19
resume,22,11,11,0
hardships,3,1,2,-1
gendered,19,8,11,-3
shaping,2,1,1,0
katerina,1,1,0,1
hinge,75,51,24,27
as,2650,1039,1611,-572
dismiss,3,0,3,-3
scream,10,3,7,-4
carpooling,3,0,3,-3
vocally,9,6,3,3
thata,1,1,0,1
naturey,1,1,0,1
withdrawing,1,1,0,1
opened,70,34,36,-2
pictures,173,92,81,11
ptsd,6,1,5,-4
accent,10,6,4,2
ai,16,7,9,-2
sidetracked,2,0,2,-2
slide,16,8,8,0
mtf,12,11,1,10
fiendish,2,2,0,2
hetero,1,1,0,1
tickets,60,26,34,-8
restrictions,7,0,7,-7
crow,2,1,1,0
enhances,1,0,1,-1
meanings,1,1,0,1
meek,1,1,0,1
peaceful,1,0,1,-1
opt,16,1,15,-14
alarm,16,7,9,-2
pen,14,8,6,2
ensues,1,1,0,1
break,133,52,81,-29
extended,15,7,8,-1
kettle,3,1,2,-1
transparent,3,1,2,-1
matte,5,3,2,1
unhhhhmoments,1,1,0,1
binding,5,2,3,-1
clients,2,0,2,-2
jenn,1,0,1,-1
scrambler,1,0,1,-1
accessing,1,1,0,1
wsid,1,0,1,-1
caters,1,1,0,1
patrick,2,2,0,2
admire,6,6,0,6
hitting,6,2,4,-2
manifest,3,2,1,1
wtfffffff,2,2,0,2
immigrated,1,0,1,-1
anniversary,15,7,8,-1
tumor,2,0,2,-2
unfavorable,1,1,0,1
counterintuitive,1,0,1,-1
cfed,1,0,1,-1
declarations,1,1,0,1
debacle,2,0,2,-2
hehim,2,2,0,2
verse,8,2,6,-4
inured,1,1,0,1
kaelans,1,1,0,1
improving,6,3,3,0
eve,4,4,0,4
desperate,26,16,10,6
tightly,1,1,0,1
aztec,1,1,0,1
leavenworthsector,1,0,1,-1
barn,3,2,1,1
emergency,32,11,21,-10
peters,7,1,6,-5
theories,19,6,13,-7
socrates,1,1,0,1
unapologetically,4,2,2,0
school,302,116,186,-70
flash,9,3,6,-3
fancy,20,9,11,-2
reinstate,1,1,0,1
ved,2,2,0,2
heckling,1,1,0,1
fear,37,14,23,-9
ulterior,5,1,4,-3
swirlies,1,1,0,1
hello,45,27,18,9
face,226,99,127,-28
burning,1,1,0,1
unattractive,1,1,0,1
total,102,74,28,46
mans,4,4,0,4
ima,2,2,0,2
adams,2,1,1,0
vote,35,5,30,-25
board,104,39,65,-26
interrogating,1,0,1,-1
combining,4,2,2,0
follicle,3,0,3,-3
faulty,1,1,0,1
picture,406,165,241,-76
sarah,9,1,8,-7
dudes,4,1,3,-2
bubba,1,0,1,-1
tissue,1,0,1,-1
fi,9,6,3,3
groupid,1,0,1,-1
urgent,11,7,4,3
goodfellas,1,1,0,1
factors,7,3,4,-1
bleeker,6,6,0,6
moony,1,1,0,1
campers,1,0,1,-1
indianas,1,1,0,1
insulin,5,2,3,-1
landfills,1,0,1,-1
barnacle,1,0,1,-1
jc,1,0,1,-1
escalation,2,1,1,0
galesburg,1,1,0,1
groomsmen,1,1,0,1
also,2109,969,1140,-171
haims,2,0,2,-2
outstretched,1,0,1,-1
codenames,2,0,2,-2
model,37,19,18,1
awwwww,14,14,0,14
shiba,2,1,1,0
veganism,1,0,1,-1
cushion,15,1,14,-13
titties,1,1,0,1
efficiency,10,2,8,-6
shave,13,11,2,9
exorcist,1,1,0,1
cfba,1,1,0,1
behaved,11,4,7,-3
cheers,1,0,1,-1
mismatched,2,2,0,2
exodus,3,3,0,3
accepted,26,11,15,-4
anal,2,1,1,0
viszla,1,0,1,-1
knis,3,3,0,3
transmisogyny,1,1,0,1
autobelaying,1,1,0,1
screams,8,3,5,-2
products,99,39,60,-21
sneaks,1,0,1,-1
county,11,7,4,3
conciously,1,1,0,1
occurrence,1,0,1,-1
ravenously,1,1,0,1
narc,1,0,1,-1
pauline,1,1,0,1
associates,2,1,1,0
impulsively,2,1,1,0
tricky,37,33,4,29
validate,4,3,1,2
elden,2,2,0,2
soaking,1,1,0,1
peppered,1,0,1,-1
mental,48,36,12,24
draws,16,8,8,0
accentuates,1,1,0,1
clogged,12,0,12,-12
licked,4,0,4,-4
boarded,2,1,1,0
above,71,24,47,-23
clean,103,43,60,-17
francisco,4,3,1,2
conservative,9,3,6,-3
occupancy,1,1,0,1
aderal,1,1,0,1
swimsuit,7,4,3,1
prana,10,1,9,-8
donna,1,1,0,1
coparenting,1,0,1,-1
rattle,1,0,1,-1
terrorizes,1,0,1,-1
skys,1,0,1,-1
impaled,1,0,1,-1
interfere,3,0,3,-3
b,53,22,31,-9
suggesting,4,1,3,-2
ennui,1,1,0,1
neumos,1,0,1,-1
on,6001,2543,3458,-915
rewiring,1,1,0,1
aromatization,2,2,0,2
transitive,1,1,0,1
cheeta,1,0,1,-1
cinchable,1,1,0,1
game,277,147,130,17
hearding,2,2,0,2
downgrading,3,2,1,1
marginally,4,1,3,-2
badly,10,3,7,-4
cartwright,1,1,0,1
instance,15,1,14,-13
ben,15,6,9,-3
bimbo,2,2,0,2
spotted,3,0,3,-3
inconveniently,3,2,1,1
nomadicsupply,1,0,1,-1
biases,1,0,1,-1
unsustainable,2,1,1,0
vax,3,1,2,-1
budddy,1,1,0,1
overloaded,1,1,0,1
grudges,2,2,0,2
among,5,1,4,-3
horrible,103,92,11,81
phytoestrogen,2,0,2,-2
speedy,1,0,1,-1
perspective,52,30,22,8
hanging,110,37,73,-36
outrage,6,4,2,2
decode,1,1,0,1
lady,28,14,14,0
isnt,11,10,1,9
scotland,1,1,0,1
inequitable,1,0,1,-1
creep,13,10,3,7
ludacris,1,1,0,1
extinct,1,1,0,1
eliminating,1,1,0,1
routesetters,9,7,2,5
biggie,2,2,0,2
sprinter,90,6,84,-78
sewn,6,6,0,6
iz,1,1,0,1
spooking,1,0,1,-1
row,34,2,32,-30
willingness,4,2,2,0
sexually,6,6,0,6
ownership,1,0,1,-1
mar,3,3,0,3
connecticut,2,1,1,0
applicant,1,0,1,-1
mulloy,2,0,2,-2
riffs,1,1,0,1
bmw,1,1,0,1
socratic,1,1,0,1
comic,1,1,0,1
saturday,136,39,97,-58
clown,1,0,1,-1
flexi,1,1,0,1
burnersgasrange,1,1,0,1
remade,1,0,1,-1
captcha,2,1,1,0
witches,1,0,1,-1
rampages,1,0,1,-1
meals,7,5,2,3
included,58,15,43,-28
choosey,1,0,1,-1
mighty,5,4,1,3
antithetical,1,1,0,1
actully,1,1,0,1
behavior,74,40,34,6
fooled,5,2,3,-1
knives,2,2,0,2
waive,1,1,0,1
hidden,25,9,16,-7
milja,1,1,0,1
destoryah,1,1,0,1
untrue,11,5,6,-1
regulated,1,0,1,-1
hahahahh,1,1,0,1
meera,2,0,2,-2
disservice,2,1,1,0
wisdom,4,4,0,4
editions,1,1,0,1
p,31,18,13,5
bearded,1,1,0,1
billion,1,1,0,1
reiterated,1,0,1,-1
sync,3,3,0,3
colored,6,0,6,-6
drawstrings,3,1,2,-1
gentrification,1,0,1,-1
linen,4,1,3,-2
mikayla,5,4,1,3
deterred,2,0,2,-2
encorevfx,1,1,0,1
ric,5,0,5,-5
clips,18,8,10,-2
prosthetics,1,0,1,-1
stuttering,1,1,0,1
absolutely,520,189,331,-142
pees,2,0,2,-2
colder,4,0,4,-4
myth,3,1,2,-1
mistaken,2,0,2,-2
comforter,4,0,4,-4
neutering,2,0,2,-2
hmmmmmmmmmmmmmmm,1,1,0,1
mature,16,9,7,2
cheap,73,38,35,3
anticipation,6,6,0,6
bralette,2,0,2,-2
hometown,2,2,0,2
latches,3,3,0,3
tranny,14,14,0,14
emi,1,0,1,-1
livin,2,2,0,2
faiths,1,1,0,1
erased,1,1,0,1
jon,14,8,6,2
spoons,1,1,0,1
bbda,1,1,0,1
joey,5,0,5,-5
paperbag,3,3,0,3
environment,7,2,5,-3
seee,2,2,0,2
monoamine,3,0,3,-3
embellishing,1,1,0,1
dbaa,1,1,0,1
liters,2,0,2,-2
modest,3,3,0,3
inclination,1,0,1,-1
gone,131,59,72,-13
kasey,2,2,0,2
complex,17,8,9,-1
validating,10,4,6,-2
bet,149,100,49,51
reddest,4,0,4,-4
delmonico,1,1,0,1
sexvalues,2,2,0,2
audi,1,1,0,1
claires,1,1,0,1
exchanged,4,2,2,0
ungrateful,1,0,1,-1
fell,55,21,34,-13
committal,1,1,0,1
took,330,131,199,-68
danish,1,1,0,1
presidents,2,1,1,0
clueless,22,11,11,0
blight,1,1,0,1
microphone,1,0,1,-1
guest,107,32,75,-43
cami,1,0,1,-1
takahashi,3,0,3,-3
phenomenally,1,1,0,1
inu,1,0,1,-1
laptops,1,0,1,-1
thanksgiving,13,5,8,-3
pew,3,2,1,1
memorial,3,1,2,-1
disney,15,4,11,-7
sung,1,0,1,-1
hips,12,3,9,-6
eccc,1,1,0,1
reborn,1,1,0,1
commute,5,3,2,1
disappoint,4,2,2,0
points,77,36,41,-5
raads,6,3,3,0
mal,4,3,1,2
belly,2,1,1,0
windbreakery,1,0,1,-1
rushed,3,0,3,-3
airplanes,3,0,3,-3
rich,67,24,43,-19
pointedly,1,0,1,-1
endogenous,4,0,4,-4
confronting,2,0,2,-2
whisking,1,0,1,-1
youtube,102,50,52,-2
internships,2,0,2,-2
respect,66,30,36,-6
clin,1,0,1,-1
sweeping,2,1,1,0
retextured,1,0,1,-1
dunk,2,1,1,0
maxi,2,0,2,-2
contacted,1,1,0,1
bottled,1,0,1,-1
awwwwwwweee,1,1,0,1
instructables,1,0,1,-1
wtffffff,1,1,0,1
pc,2,0,2,-2
principles,1,0,1,-1
zip,23,10,13,-3
discounted,4,1,3,-2
holders,3,2,1,1
coke,7,3,4,-1
scanning,2,0,2,-2
inconvenient,37,8,29,-21
fingerlock,1,0,1,-1
ore,2,2,0,2
wanted,447,143,304,-161
kissa,5,3,2,1
song,472,224,248,-24
critic,1,0,1,-1
maintain,7,6,1,5
secret,159,79,80,-1
considers,1,0,1,-1
enlightenment,2,2,0,2
euaahh,1,1,0,1
cullen,1,0,1,-1
belting,7,1,6,-5
adjacent,8,6,2,4
rates,8,1,7,-6
bcfb,2,1,1,0
lamenting,1,1,0,1
names,234,128,106,22
gentleparenting,1,0,1,-1
careful,15,7,8,-1
tupperware,1,0,1,-1
tensed,1,0,1,-1
carabiner,5,5,0,5
ubiquitous,1,0,1,-1
discipline,3,3,0,3
tucky,7,7,0,7
trial,16,4,12,-8
lmk,4,4,0,4
correctly,19,7,12,-5
exercise,26,8,18,-10
maul,1,0,1,-1
evolve,1,1,0,1
psychically,5,5,0,5
guides,3,1,2,-1
welfare,1,0,1,-1
monkey,4,4,0,4
simulation,1,1,0,1
oyster,3,2,1,1
amount,214,62,152,-90
reaches,4,3,1,2
valuable,8,7,1,6
shirley,3,1,2,-1
immensely,1,1,0,1
pressure,47,24,23,1
beyondthewalk,2,0,2,-2
reported,4,0,4,-4
testaments,1,0,1,-1
urges,3,0,3,-3
mercer,4,1,3,-2
performs,2,1,1,0
stones,7,0,7,-7
hydraulic,1,1,0,1
variations,2,1,1,0
relistening,3,3,0,3
stashed,1,1,0,1
primary,19,9,10,-1
link,44,23,21,2
bedb,2,1,1,0
checkbox,1,1,0,1
oppressed,1,1,0,1
sons,1,1,0,1
trouble,45,23,22,1
sims,5,1,4,-3
reincarnated,1,1,0,1
lofted,3,3,0,3
youd,1,1,0,1
pl,1,1,0,1
pulley,3,3,0,3
coleadership,1,1,0,1
modes,1,1,0,1
seldom,1,1,0,1
kitted,1,1,0,1
yan,1,0,1,-1
dyno,30,11,19,-8
jane,10,6,4,2
mechanically,1,1,0,1
probability,1,1,0,1
surgeries,14,12,2,10
rice,11,1,10,-9
bounced,2,1,1,0
lot,1320,686,634,52
vocalist,1,0,1,-1
incestuous,1,1,0,1
roommate,65,21,44,-23
numbered,1,0,1,-1
deescalated,1,0,1,-1
respects,2,0,2,-2
huntsman,1,1,0,1
bill,28,13,15,-2
chari,1,1,0,1
swimsuits,2,1,1,0
consensually,1,1,0,1
neighbors,21,15,6,9
bails,1,0,1,-1
assigned,27,7,20,-13
callout,1,1,0,1
hours,331,123,208,-85
proj,11,6,5,1
affliction,5,3,2,1
sell,83,35,48,-13
sew,15,7,8,-1
pitties,2,2,0,2
cassieopeeyah,1,1,0,1
messing,18,7,11,-4
watercolor,1,0,1,-1
cox,1,0,1,-1
stimulating,7,4,3,1
manipulating,2,2,0,2
weirdos,1,0,1,-1
spray,23,5,18,-13
popsicle,1,0,1,-1
spayed,2,0,2,-2
desensitized,4,1,3,-2
fefe,1,1,0,1
peace,17,10,7,3
hundreds,17,13,4,9
petition,1,1,0,1
interview,25,14,11,3
defenses,2,1,1,0
lotion,1,1,0,1
motherfucker,1,1,0,1
headfirst,1,0,1,-1
unreliable,3,1,2,-1
android,9,5,4,1
loungewear,1,0,1,-1
ponds,2,2,0,2
altered,1,1,0,1
fanny,2,0,2,-2
runny,1,1,0,1
weaning,4,1,3,-2
range,52,19,33,-14
haunting,1,0,1,-1
perfectly,97,19,78,-59
combative,3,1,2,-1
bonded,2,2,0,2
stained,5,4,1,3
bloomer,1,1,0,1
occasionally,27,17,10,7
sacrificing,1,0,1,-1
forgiven,5,2,3,-1
boys,188,71,117,-46
matchable,1,0,1,-1
deer,3,0,3,-3
definition,20,5,15,-10
regards,2,1,1,0
apparel,2,1,1,0
originals,2,1,1,0
clutching,2,2,0,2
pharmacy,50,28,22,6
buckles,2,1,1,0
beef,3,1,2,-1
course,416,165,251,-86
spectators,3,2,1,1
slacks,1,1,0,1
drying,4,2,2,0
loving,46,18,28,-10
hyena,1,0,1,-1
yellow,66,19,47,-28
reading,114,48,66,-18
waverly,5,0,5,-5
natal,1,1,0,1
wyoming,7,4,3,1
adolescent,1,1,0,1
tactful,2,2,0,2
ughhhhhhh,1,0,1,-1
devastated,5,2,3,-1
pole,2,0,2,-2
ciao,1,1,0,1
cairo,1,1,0,1
portions,2,2,0,2
playful,3,1,2,-1
floaty,2,0,2,-2
replaceable,2,0,2,-2
drunk,28,19,9,10
zooming,2,0,2,-2
dig,16,10,6,4
poke,15,7,8,-1
plank,2,0,2,-2
baseline,10,1,9,-8
shego,1,1,0,1
dogproducts,1,0,1,-1
oversight,2,1,1,0
depending,38,8,30,-22
states,15,11,4,7
wursters,1,1,0,1
acrewdiver,1,1,0,1
countered,1,0,1,-1
wonder,191,137,54,83
extend,14,13,1,12
mute,3,2,1,1
concerned,19,9,10,-1
jabret,2,0,2,-2
hearted,11,10,1,9
crucial,5,2,3,-1
contactless,1,0,1,-1
watering,1,1,0,1
unsuspecting,1,0,1,-1
niche,34,14,20,-6
cargo,31,5,26,-21
waits,2,0,2,-2
lash,1,1,0,1
awwwwwwwwwwwwwww,1,1,0,1
village,7,3,4,-1
silenced,5,3,2,1
schrodigender,1,0,1,-1
prefers,11,7,4,3
nudes,2,2,0,2
mannerisms,2,2,0,2
realign,1,0,1,-1
accepting,14,8,6,2
cats,89,36,53,-17
poured,9,4,5,-1
marker,2,1,1,0
boast,1,1,0,1
surgeon,7,6,1,5
diagnose,2,2,0,2
josh,80,20,60,-40
purple,41,14,27,-13
swaps,1,0,1,-1
functional,13,7,6,1
timestamp,108,10,98,-88
at,5360,2075,3285,-1210
biology,24,16,8,8
overrepresented,1,0,1,-1
nno,1,1,0,1
genevieve,9,6,3,3
trove,1,1,0,1
irrationally,1,1,0,1
product,39,18,21,-3
ssc,1,0,1,-1
affirming,15,11,4,7
dchild,1,0,1,-1
autobelays,2,1,1,0
clonic,1,1,0,1
kkatenoel,1,0,1,-1
siding,1,1,0,1
talapus,1,0,1,-1
becca,2,0,2,-2
erastour,1,0,1,-1
resumes,2,1,1,0
willy,3,0,3,-3
underestimate,1,1,0,1
anxious,46,25,21,4
heelersoftiktok,2,0,2,-2
torso,10,4,6,-2
temptation,2,1,1,0
chef,2,2,0,2
wp,2,0,2,-2
challenges,1,0,1,-1
festival,4,2,2,0
rubber,14,8,6,2
arne's,2,2,0,2
riding,3,2,1,1
confidentiality,1,0,1,-1
describing,15,9,6,3
managing,4,2,2,0
hustling,2,0,2,-2
futurama,3,3,0,3
smell,30,8,22,-14
committee,2,1,1,0
salehe,1,1,0,1
nanogram,1,0,1,-1
sighed,1,0,1,-1
slutty,4,4,0,4
eyelet,3,0,3,-3
disagreed,5,3,2,1
marguerite,6,4,2,2
yale,2,2,0,2
awareness,16,5,11,-6
mainly,2,2,0,2
experiences,11,4,7,-3
tasting,1,1,0,1
founder,2,1,1,0
smile,17,12,5,7
whim,3,1,2,-1
pepping,1,1,0,1
euphoria,3,3,0,3
meganav,1,0,1,-1
sweatshorts,1,0,1,-1
monomania,1,1,0,1
arms,39,11,28,-17
ferry,11,4,7,-3
bcca,1,0,1,-1
bananarepublic,1,0,1,-1
yeahh,4,4,0,4
harassment,3,3,0,3
truee,4,4,0,4
apologizes,1,0,1,-1
struggled,6,3,3,0
benefiting,1,1,0,1
halfmoons,1,1,0,1
detergent,1,1,0,1
spatula,1,0,1,-1
garment,7,7,0,7
whys,1,0,1,-1
todddd,1,1,0,1
nonetheless,3,1,2,-1
abea,2,0,2,-2
onesies,2,2,0,2
ships,2,2,0,2
damage,24,14,10,4
eunice,1,0,1,-1
uninsured,1,0,1,-1
swedes,1,1,0,1
colors,62,24,38,-14
falls,29,7,22,-15
demonstration,5,3,2,1
extremist,1,1,0,1
bills,4,2,2,0
shortly,2,0,2,-2
topic,45,11,34,-23
paychecks,4,1,3,-2
rebuilt,10,4,6,-2
mims,1,1,0,1
iceco,5,0,5,-5
yessssss,2,2,0,2
journeyman,2,2,0,2
transsexual,10,9,1,8
ohmmm,2,2,0,2
opera,1,1,0,1
unethical,1,0,1,-1
godzilla,95,55,40,15
agamemnon,5,5,0,5
younger,35,17,18,-1
embarking,1,0,1,-1
insights,1,1,0,1
fences,2,2,0,2
kinnikinnick,2,1,1,0
steal,34,10,24,-14
curly,9,4,5,-1
rage,1,1,0,1
tempting,16,7,9,-2
purina,1,0,1,-1
geriatric,2,2,0,2
folding,2,0,2,-2
librarianacle,1,1,0,1
jargon,1,0,1,-1
legality,1,1,0,1
shoulders,21,10,11,-1
shopstrangetails,2,0,2,-2
cow,17,5,12,-7
contrived,4,2,2,0
optimizes,1,0,1,-1
kidney,13,2,11,-9
laugh,45,29,16,13
denali,5,4,1,3
dysphoric,2,2,0,2
cation,1,0,1,-1
soup,13,9,4,5
complete,27,11,16,-5
biologically,1,0,1,-1
gordon,9,5,4,1
cannot,190,123,67,56
packing,11,5,6,-1
abo,1,0,1,-1
girlfiend,1,1,0,1
index,53,12,41,-29
bfce,1,0,1,-1
close,293,139,154,-15
frequently,9,7,2,5
medpagetoday,1,0,1,-1
greet,3,1,2,-1
discriminate,12,1,11,-10
hmmmmmm,2,2,0,2
afterlife,3,2,1,1
pursue,2,2,0,2
fixed,44,27,17,10
oven,2,1,1,0
naturopath,2,0,2,-2
softer,5,2,3,-1
blessings,1,0,1,-1
eddc,1,1,0,1
enemy,41,8,33,-25
ultrasoft,1,0,1,-1
outdone,1,0,1,-1
noises,15,2,13,-11
storytime,1,0,1,-1
chiefed,1,0,1,-1
heads,16,5,11,-6
sonny,2,0,2,-2
breaks,12,4,8,-4
numbering,1,0,1,-1
pipe,7,1,6,-5
iorek,1,0,1,-1
monthly,15,5,10,-5
lowrider,1,0,1,-1
ed,7,1,6,-5
tug,9,5,4,1
whom,11,3,8,-5
sheeps,2,0,2,-2
tehee,3,3,0,3
laces,2,1,1,0
whipped,10,0,10,-10
bicycles,2,2,0,2
comics,1,1,0,1
disappointed,26,13,13,0
unravel,1,0,1,-1
venom,1,0,1,-1
mutant,1,1,0,1
truncated,1,1,0,1
eleanor,10,1,9,-8
doubly,2,0,2,-2
mortgage,6,2,4,-2
starts,95,34,61,-27
moaning,1,0,1,-1
okays,2,2,0,2
transgender,8,7,1,6
wait,469,203,266,-63
crawl,11,3,8,-5
authenticity,1,0,1,-1
kidnapped,3,0,3,-3
evelyn,1,0,1,-1
pick,304,105,199,-94
chat,51,18,33,-15
tooth,9,6,3,3
diffferent,1,1,0,1
seeping,2,1,1,0
indicative,2,1,1,0
workable,1,1,0,1
bcea,1,1,0,1
doll,5,3,2,1
dancing,13,9,4,5
awning,3,0,3,-3
distress,4,1,3,-2
jesus,23,15,8,7
comforters,1,1,0,1
convey,5,1,4,-3
seal,11,2,9,-7
mouthwash,1,1,0,1
decides,13,2,11,-9
emmas,1,0,1,-1
tool,32,16,16,0
ballpark,8,2,6,-4
corey,92,44,48,-4
gametes,1,0,1,-1
nannies,1,0,1,-1
notedinternetfool,1,0,1,-1
adell,1,0,1,-1
art,77,41,36,5
modified,3,2,1,1
reside,1,0,1,-1
blurred,1,1,0,1
instagrammy,1,1,0,1
tear,14,5,9,-4
beats,8,2,6,-4
mashups,3,0,3,-3
inner,5,2,3,-1
tubes,8,4,4,0
scowled,3,0,3,-3
win,104,48,56,-8
forcibly,1,0,1,-1
clarity,4,4,0,4
choose,104,32,72,-40
telephone,8,8,0,8
clairekgordon,1,0,1,-1
chair,42,10,32,-22
travel,16,7,9,-2
moved,144,30,114,-84
bbae,1,0,1,-1
cryostasis,3,1,2,-1
champion,3,1,2,-1
sleuthing,2,2,0,2
vibrant,1,0,1,-1
cameras,7,3,4,-1
smoothing,1,1,0,1
furman,15,14,1,13
inconvenience,3,1,2,-1
elly,4812,4660,152,4508
unpleasant,23,2,21,-19
crossword,27,9,18,-9
lowercase,2,1,1,0
governing,1,1,0,1
garbanzo,1,1,0,1
dull,2,0,2,-2
question,541,247,294,-47
holy,21,13,8,5
sierra,3,1,2,-1
filming,2,2,0,2
hammers,1,1,0,1
dogsoftiktok,4,0,4,-4
forward,60,21,39,-18
wheelchair,5,1,4,-3
feminists,1,1,0,1
stepped,16,6,10,-4
mysteries,3,3,0,3
gardening,7,0,7,-7
unanimous,1,1,0,1
arizona,6,4,2,2
improperly,1,1,0,1
lowkey,13,12,1,11
exposing,3,3,0,3
squeaky,2,1,1,0
union,9,3,6,-3
quizzes,3,2,1,1
lgbt,8,7,1,6
emotion,16,14,2,12
hotter,27,15,12,3
civilian,1,1,0,1
increasing,2,1,1,0
molecules,16,1,15,-14
shiloh,3,0,3,-3
juniper,2,1,1,0
fingertips,1,0,1,-1
sub,7,6,1,5
factory,4,2,2,0
divergent,1,0,1,-1
reachy,8,2,6,-4
priest,5,3,2,1
whatre,1,0,1,-1
leans,1,1,0,1
sunflowers,2,2,0,2
impediment,1,0,1,-1
romanticizing,1,1,0,1
democracy,1,1,0,1
sacramento,4,1,3,-2
deeply,102,24,78,-54
spice,9,3,6,-3
relay,2,1,1,0
michaela,7,6,1,5
duplicates,1,0,1,-1
bittering,1,0,1,-1
barely,54,16,38,-22
linkedin,1,1,0,1
expensice,1,0,1,-1
sammamish,1,0,1,-1
hardship,1,0,1,-1
editing,2,2,0,2
jackets,5,0,5,-5
spoils,2,0,2,-2
planking,1,0,1,-1
sprains,2,2,0,2
roman,8,1,7,-6
variable,6,3,3,0
backgroundless,1,1,0,1
handout,1,1,0,1
obliviously,1,1,0,1
dean,2,1,1,0
homer,3,1,2,-1
drops,9,3,6,-3
weasel,2,1,1,0
ooof,2,2,0,2
broho,1,1,0,1
accuracy,1,0,1,-1
dorkiness,1,1,0,1
dedicating,1,1,0,1
hunter,2,1,1,0
fivetennies,1,1,0,1
fas,4,2,2,0
throw,82,37,45,-8
mattering,1,1,0,1
bdsmtest,1,1,0,1
prepare,14,3,11,-8
conductivity,1,0,1,-1
pentecost,6,5,1,4
helpfuless,1,0,1,-1
lana,14,3,11,-8
busters,1,0,1,-1
retiring,2,1,1,0
dnd,3,1,2,-1
roach,1,0,1,-1
bomb,15,7,8,-1
atm,1,1,0,1
survived,8,4,4,0
brussel,2,0,2,-2
inconsequential,4,0,4,-4
ableist,1,1,0,1
hearings,1,1,0,1
van,560,208,352,-144
which,1244,527,717,-190
watcher,1,0,1,-1
pledge,2,0,2,-2
removing,8,4,4,0
lovingly,1,1,0,1
squealed,1,0,1,-1
xmas,3,3,0,3
rug,1,0,1,-1
holland,4,2,2,0
cubby,5,3,2,1
brushed,7,2,5,-3
eraser,4,2,2,0
coolers,1,0,1,-1
placebo,19,12,7,5
wasn't,1,1,0,1
kicking,5,2,3,-1
molecule,7,0,7,-7
batch,3,2,1,1
bond,6,4,2,2
accounted,2,0,2,-2
lanes,2,2,0,2
kipilykeskus,1,0,1,-1
chumstick,1,1,0,1
relax,4,1,3,-2
situationship,5,5,0,5
cecilia,1,0,1,-1
bloodwork,25,22,3,19
bleach,2,1,1,0
longview,2,2,0,2
putting,107,43,64,-21
unqualified,3,0,3,-3
h,15,10,5,5
notably,4,1,3,-2
dtp,1,0,1,-1
offset,1,0,1,-1
movable,1,1,0,1
step,118,42,76,-34
roller,4,3,1,2
fathom,7,7,0,7
fulfilled,3,0,3,-3
margarita,1,0,1,-1
captions,4,1,3,-2
rick,11,4,7,-3
wooden,1,0,1,-1
clock,22,4,18,-14
confirms,1,0,1,-1
costumes,6,2,4,-2
involves,15,5,10,-5
flares,14,4,10,-6
compiled,2,2,0,2
under,196,61,135,-74
stubbornly,3,1,2,-1
fly,21,9,12,-3
oems,1,0,1,-1
millionaire,3,2,1,1
anya,2,0,2,-2
few,520,228,292,-64
jblm,1,1,0,1
intimated,1,0,1,-1
scrolled,14,9,5,4
comprehensive,7,3,4,-1
addf,2,1,1,0
path,15,8,7,1
beers,2,0,2,-2
overfed,1,0,1,-1
buttons,21,5,16,-11
wouldnt,4,3,1,2
splinters,4,2,2,0
abnormal,6,0,6,-6
lumen,1,0,1,-1
introspection,1,1,0,1
kpa,1,0,1,-1
airpod,6,4,2,2
banks,3,1,2,-1
bcff,1,1,0,1
curled,6,2,4,-2
mansion,3,3,0,3
fostering,5,2,3,-1
pinpoint,2,0,2,-2
raspberries,3,2,1,1
unequal,2,0,2,-2
bleeds,2,1,1,0
marlayna,2,0,2,-2
idly,2,2,0,2
online,44,27,17,10
resource,7,3,4,-1
sexist,25,4,21,-17
swapping,1,1,0,1
husky,8,8,0,8
brinda,4,0,4,-4
counterparts,1,1,0,1
december,22,7,15,-8
boring,132,32,100,-68
terrrible,2,2,0,2
airs,1,0,1,-1
chapped,1,1,0,1
thevancamper,1,0,1,-1
brett,51,6,45,-39
loyalty,2,2,0,2
hearts,9,6,3,3
bestdogleash,1,0,1,-1
incognito,2,0,2,-2
statistically,17,10,7,3
daylight,2,0,2,-2
traveling,6,5,1,4
overall,42,11,31,-20
bastard,6,6,0,6
productivity,2,2,0,2
livid,1,0,1,-1
adfc,1,1,0,1
absorber,1,0,1,-1
taylorswiftmidnights,1,1,0,1
mm,24,10,14,-4
rod,1,1,0,1
approachable,1,0,1,-1
crypto,5,3,2,1
escalated,3,1,2,-1
dreeeamm,2,2,0,2
womangione,1,1,0,1
jaeger,1,0,1,-1
journals,1,1,0,1
sustainability,1,1,0,1
omens,2,2,0,2
healthiest,2,2,0,2
goooo,1,0,1,-1
outnumbered,1,0,1,-1
avila,1,1,0,1
movab,1,1,0,1
done,553,249,304,-55
cast,13,7,6,1
cid,2,1,1,0
staircase,2,0,2,-2
steamed,1,0,1,-1
addon,1,1,0,1
satisfied,12,4,8,-4
unassuming,1,1,0,1
fj,1,0,1,-1
victorias,15,12,3,9
doses,8,5,3,2
remix,1,0,1,-1
bullying,7,1,6,-5
annoy,4,0,4,-4
politically,1,0,1,-1
biothane,3,0,3,-3
explode,12,5,7,-2
trader,5,0,5,-5
eliminate,3,0,3,-3
twisters,1,0,1,-1
birdproblems,1,0,1,-1
herod,1,1,0,1
bgyiink,1,0,1,-1
nightvail,1,1,0,1
zappos,4,4,0,4
petra,91,67,24,43
swallowing,2,0,2,-2
laygirl,1,1,0,1
edef,1,1,0,1
cleanup,1,0,1,-1
emmett,13,0,13,-13
cuddling,2,2,0,2
stevens,6,2,4,-2
blamed,4,1,3,-2
shakes,1,0,1,-1
pass,98,43,55,-12
longest,16,9,7,2
ragnarok,3,0,3,-3
retroactively,8,3,5,-2
audrey,5,0,5,-5
cocktails,2,1,1,0
dibs,12,4,8,-4
compete,39,11,28,-17
attatched,2,2,0,2
costco,9,7,2,5
inappropriate,9,5,4,1
alphabetical,1,1,0,1
platonically,8,7,1,6
bo,3,0,3,-3
rerecording,5,0,5,-5
dropout,4,2,2,0
mystery,21,10,11,-1
andrew's,1,1,0,1
main,66,38,28,10
exorbitantly,1,0,1,-1
tends,13,5,8,-3
overestimate,1,0,1,-1
snacks,29,5,24,-19
aunts,5,5,0,5
atom,4,0,4,-4
coping,2,0,2,-2
expire,1,1,0,1
neko,11,4,7,-3
how,2970,1505,1465,40
spent,135,52,83,-31
manfred,1,1,0,1
isch,2,2,0,2
dilemma,6,4,2,2
innumerable,2,2,0,2
received,18,6,12,-6
usage,7,5,2,3
hehe,55,53,2,51
debit,1,0,1,-1
feature,21,12,9,3
peds,1,1,0,1
cart,11,10,1,9
replacement,29,13,16,-3
teal,6,1,5,-4
rn,198,131,67,64
key,51,21,30,-9
insuring,1,1,0,1
dilaudid,2,1,1,0
hood,18,7,11,-4
kisu,1,1,0,1
wanting,65,26,39,-13
thinks,213,54,159,-105
planting,1,0,1,-1
pieces,24,7,17,-10
shivering,3,2,1,1
saddened,2,2,0,2
connoisseur,2,0,2,-2
clay,10,7,3,4
butterflies,1,1,0,1
increased,8,6,2,4
collapse,1,0,1,-1
mijick,1,0,1,-1
watching,191,95,96,-1
garner,2,0,2,-2
cabin,1,0,1,-1
aspects,2,1,1,0
popflexactive,1,1,0,1
biased,24,8,16,-8
pterodactyl,1,1,0,1
needless,2,1,1,0
capitalistic,1,1,0,1
stories,51,29,22,7
deflection,2,1,1,0
arriving,4,0,4,-4
miya,2,0,2,-2
xlt,9,2,7,-5
slave,1,1,0,1
realty,1,0,1,-1
bartenders,1,1,0,1
bikes,12,6,6,0
posting,17,7,10,-3
outings,1,0,1,-1
tightened,1,0,1,-1
doge,1,1,0,1
preference,29,25,4,21
jac,2,0,2,-2
evolv,1,0,1,-1
tatawanga,1,0,1,-1
ncaa,2,0,2,-2
renegotiated,2,0,2,-2
fleabag,1,1,0,1
cant,17,14,3,11
buymeacoffee,1,1,0,1
grade,86,20,66,-46
unhhhh,1,1,0,1
neurotransmitters,5,0,5,-5
houseguest,2,2,0,2
jib,1,0,1,-1
measure,19,6,13,-7
pawn,1,1,0,1
reuptake,7,0,7,-7
steph,23,2,21,-19
selfie,15,9,6,3
louis,3,1,2,-1
kylie,84,67,17,50
morbid,1,1,0,1
pestering,4,0,4,-4
indicated,3,3,0,3
alpine,1,1,0,1
tilda,2,2,0,2
allow,49,16,33,-17
clippers,1,0,1,-1
heroin,1,1,0,1
conor,1,0,1,-1
home,600,248,352,-104
yun,1,0,1,-1
unboxing,1,0,1,-1
tbm,2,2,0,2
releasing,5,1,4,-3
suggests,3,0,3,-3
furry,6,5,1,4
cores,2,0,2,-2
trials,1,1,0,1
minimum,37,15,22,-7
messenger,3,3,0,3
top,309,121,188,-67
discriminatory,3,0,3,-3
dexters,2,2,0,2
dependent,9,4,5,-1
wiring,20,5,15,-10
monent,1,0,1,-1
allure,1,0,1,-1
turbulent,2,2,0,2
pomona,1,0,1,-1
sportiva,2,0,2,-2
snapping,4,1,3,-2
fred,26,17,9,8
headed,10,4,6,-2
tapped,2,1,1,0
kim,7,4,3,1
internalizing,1,1,0,1
marry,22,11,11,0
rico,1,0,1,-1
octopus,5,2,3,-1
kind,922,537,385,152
fabric,25,11,14,-3
feeler,1,1,0,1
vary,6,3,3,0
chiropractors,2,0,2,-2
rivals,1,1,0,1
impacts,1,1,0,1
newcomer,1,1,0,1
returned,8,2,6,-4
workshopping,2,2,0,2
alcoholic,9,7,2,5
propose,5,0,5,-5
newlyweds,1,1,0,1
doer,1,1,0,1
cpr,4,2,2,0
collectible,1,0,1,-1
electrolysis,3,3,0,3
stimulants,1,0,1,-1
clutch,3,3,0,3
taillights,1,0,1,-1
extends,2,2,0,2
rover,4,0,4,-4
fry,2,0,2,-2
puppies,48,17,31,-14
sr,5,1,4,-3
congenital,3,3,0,3
pigeon,5,4,1,3
exist,103,38,65,-27
supplement,6,0,6,-6
harvested,4,4,0,4
chaol,2,1,1,0
affection,1,1,0,1
skateboarding,1,0,1,-1
tendency,4,2,2,0
submitting,1,0,1,-1
trendsetters,1,0,1,-1
kirshbaum,1,1,0,1
tanya,4,0,4,-4
consolidate,1,1,0,1
dimitri,35,7,28,-21
furious,17,1,16,-15
freed,1,0,1,-1
interacts,5,2,3,-1
routsetters,2,2,0,2
assumptions,5,4,1,3
nutrition,3,2,1,1
surgically,2,0,2,-2
lola,13,2,11,-9
ripping,1,0,1,-1
arctic,2,2,0,2
shallow,4,0,4,-4
penny,11,5,6,-1
influencers,5,2,3,-1
wherever,19,4,15,-11
peer,12,3,9,-6
slot,9,5,4,1
consumption,1,0,1,-1
choices,27,11,16,-5
reaching,4,1,3,-2
ideally,14,13,1,12
psych,3,1,2,-1
exemplifies,1,1,0,1
accumulating,2,1,1,0
rewards,8,3,5,-2
jackie,2,0,2,-2
attractive,19,11,8,3
thoughtful,10,4,6,-2
ohnoo,1,1,0,1
shield,4,2,2,0
discretely,2,2,0,2
preach,2,2,0,2
namely,1,0,1,-1
excite,3,3,0,3
bitches,5,4,1,3
password,8,4,4,0
stockings,2,1,1,0
interaction,43,28,15,13
redirected,1,0,1,-1
seems,492,215,277,-62
riley,26,6,20,-14
constellations,1,0,1,-1
weight,72,44,28,16
watched,174,75,99,-24
sprefix,1,0,1,-1
micks,1,0,1,-1
coverings,1,1,0,1
que,1,1,0,1
room,323,138,185,-47
hardwood,4,4,0,4
opts,1,0,1,-1
overcharge,1,0,1,-1
vibing,1,1,0,1
behavioral,1,0,1,-1
sinuses,2,0,2,-2
robbed,1,1,0,1
stefs,2,2,0,2
factness,1,1,0,1
unsweet,1,0,1,-1
unreplied,1,0,1,-1
reread,9,7,2,5
usa,5,4,1,3
repaint,1,1,0,1
smarter,4,0,4,-4
tr,4,2,2,0
fashioned,2,0,2,-2
tic,1,0,1,-1
arrive,22,3,19,-16
activity,22,8,14,-6
dr,183,127,56,71
elegance,1,0,1,-1
darker,8,2,6,-4
scrolling,23,6,17,-11
automotive,13,8,5,3
tiramisu,2,1,1,0
josie,10,10,0,10
pearsepopchock,1,1,0,1
jelly,1,1,0,1
scraps,3,1,2,-1
considerations,2,2,0,2
craft,14,9,5,4
kiipeilykeskus,3,2,1,1
somewhere,137,37,100,-63
hanger,5,1,4,-3
ahat,1,1,0,1
terrarium,1,1,0,1
dinner,186,68,118,-50
asia,1,0,1,-1
satellite,2,0,2,-2
aftered,1,1,0,1
vitality,3,0,3,-3
waiting,140,52,88,-36
multicolour,2,2,0,2
cope,2,2,0,2
base,20,8,12,-4
ready,125,37,88,-51
went,636,200,436,-236
whaaaah,1,1,0,1
leaving,102,23,79,-56
leah,3,2,1,1
interrupted,9,2,7,-5
emerald,4,3,1,2
hockey,5,2,3,-1
thunderdome,7,2,5,-3
marshmallow,5,1,4,-3
incomes,4,0,4,-4
verbiage,3,3,0,3
apply,61,34,27,7
greece,3,1,2,-1
respondents,6,6,0,6
gwowza,1,0,1,-1
your,3258,1524,1734,-210
festivals,1,0,1,-1
tender,1,0,1,-1
terminal,8,6,2,4
concentrated,5,0,5,-5
prank,10,5,5,0
journey,19,6,13,-7
loveee,4,4,0,4
secluded,1,1,0,1
potatoes,2,1,1,0
aim,12,0,12,-12
redneck,3,0,3,-3
lavender,16,8,8,0
antz,2,1,1,0
colonized,1,0,1,-1
exec,1,1,0,1
nbd,1,1,0,1
icks,1,1,0,1
skeleton,1,1,0,1
contents,1,1,0,1
wendy,1,0,1,-1
fun,779,320,459,-139
tyty,2,2,0,2
dick,18,8,10,-2
restraining,2,0,2,-2
slayer,3,0,3,-3
circling,6,1,5,-4
nobodies,1,1,0,1
markers,1,0,1,-1
surf,3,1,2,-1
spin,21,3,18,-15
spanish,3,2,1,1
fails,8,2,6,-4
assembled,3,1,2,-1
reflectivity,1,0,1,-1
dispute,4,1,3,-2
twister,1,1,0,1
limitations,3,1,2,-1
enthusiastic,10,3,7,-4
strap,24,12,12,0
bubby,3,0,3,-3
asking,258,97,161,-64
flights,4,2,2,0
plumbs,1,0,1,-1
woof,1,0,1,-1
not,7635,3335,4300,-965
abyc,1,1,0,1
originating,2,2,0,2
lore,17,13,4,9
spectator,1,1,0,1
replying,17,1,16,-15
werschel,2,1,1,0
exterior,4,0,4,-4
untrustworthy,4,2,2,0
alcoholics,2,1,1,0
crutches,1,1,0,1
creeper,1,1,0,1
bpd,1,1,0,1
darcy,1,0,1,-1
alt,3,3,0,3
requested,15,6,9,-3
lessens,1,1,0,1
gigan,2,1,1,0
homewrecker,1,1,0,1
rudely,6,2,4,-2
adequate,11,5,6,-1
wherver,1,1,0,1
vibes,79,30,49,-19
stake,1,1,0,1
credibility,7,4,3,1
depth,4,1,3,-2
ebee,1,1,0,1
quanitfy,1,1,0,1
labyrinthitis,2,2,0,2
practicing,14,6,8,-2
spotify,60,32,28,4
kiwi,1,0,1,-1
accomplishes,4,0,4,-4
renowned,1,0,1,-1
yelped,1,1,0,1
graphically,1,1,0,1
caves,1,0,1,-1
hence,9,0,9,-9
fitted,1,0,1,-1
cliffhanger,9,3,6,-3
thursdays,3,1,2,-1
captain,2,1,1,0
cavorting,1,1,0,1
ratio,21,4,17,-13
gag,2,2,0,2
entertaining,5,3,2,1
embodiment,1,1,0,1
subtitles,14,7,7,0
proceed,2,1,1,0
rhe,1,1,0,1
shearer,1,1,0,1
weaves,1,1,0,1
hovered,1,0,1,-1
washy,1,1,0,1
snowed,1,0,1,-1
optometry,1,1,0,1
tnut,5,1,4,-3
vets,3,0,3,-3
themmed,1,1,0,1
prerequisites,1,0,1,-1
ionizer,1,0,1,-1
unrequited,2,1,1,0
profile,34,22,12,10
frat,3,1,2,-1
didn,1653,619,1034,-415
sobbing,9,5,4,1
senseless,1,0,1,-1
bananas,4,2,2,0
prettiest,4,3,1,2
prescribe,5,4,1,3
stacks,4,3,1,2
trajectory,2,0,2,-2
omang,1,0,1,-1
qualify,11,8,3,5
mosquito,3,1,2,-1
wii,1,0,1,-1
wood,57,24,33,-9
yo,5,5,0,5
ahhhhhhhh,3,1,2,-1
blows,1,1,0,1
arises,1,0,1,-1
notes,38,27,11,16
categoryids,1,0,1,-1
heartbeat,2,0,2,-2
grotto,1,0,1,-1
contacts,15,9,6,3
spite,10,6,4,2
say,1953,882,1071,-189
braff,1,0,1,-1
parallel,17,9,8,1
supper,1,0,1,-1
mg,2,0,2,-2
schwartz,1,0,1,-1
unfollow,3,2,1,1
triples,1,0,1,-1
unbearably,1,0,1,-1
overpriced,9,1,8,-7
offender,5,3,2,1
brainy,1,1,0,1
criticisms,2,0,2,-2
slippery,7,2,5,-3
selfish,16,4,12,-8
threaten,3,1,2,-1
degender,1,0,1,-1
ziggy,1,1,0,1
load,5,2,3,-1
sha,1,0,1,-1
tie,30,10,20,-10
proportion,1,1,0,1
broing,1,1,0,1
corrects,1,0,1,-1
exceptional,2,1,1,0
grunkle,1,0,1,-1
entries,2,0,2,-2
alexa,5,4,1,3
website,94,36,58,-22
pecs,2,1,1,0
meg,2,1,1,0
deliver,11,8,3,5
zeke,1,0,1,-1
vin,7,0,7,-7
aeff,1,1,0,1
twinning,7,2,5,-3
swivels,8,1,7,-6
grumbling,1,0,1,-1
slipper,4,3,1,2
scholarships,2,0,2,-2
vl,1,0,1,-1
chairs,13,8,5,3
nearest,1,0,1,-1
quietly,27,6,21,-15
clasp,3,0,3,-3
bcac,1,0,1,-1
thunderbirds,1,0,1,-1
alberto,2,1,1,0
rescues,1,0,1,-1
competing,21,7,14,-7
stays,23,10,13,-3
consultant,3,1,2,-1
predisposed,1,1,0,1
lovers,2,1,1,0
leskiw,1,0,1,-1
heyyyyyyyyyyyyyyy,1,1,0,1
scaling,2,1,1,0
nerd,5,3,2,1
marjorie,2,0,2,-2
spilling,1,0,1,-1
movement,17,9,8,1
aiming,5,2,3,-1
disastrous,1,1,0,1
yung,1,0,1,-1
churches,1,0,1,-1
facetime,33,16,17,-1
herd,6,3,3,0
apologies,2,2,0,2
resentful,5,4,1,3
theym,1,1,0,1
thrifting,1,1,0,1
searchability,1,0,1,-1
afcf,1,0,1,-1
misinformation,3,3,0,3
carpent,2,0,2,-2
biomed,1,1,0,1
mercede,1,0,1,-1
presented,7,4,3,1
engaged,20,6,14,-8
possible,151,97,54,43
hii,2,2,0,2
vornietom,1,0,1,-1
ajj,6,5,1,4
immortal,1,0,1,-1
villa,3,0,3,-3
sander,4,3,1,2
qs,1,0,1,-1
sphere,2,1,1,0
psychological,4,3,1,2
topher,1,1,0,1
unstoppable,3,1,2,-1
pretended,4,0,4,-4
firestone,2,0,2,-2
easel,1,1,0,1
jaegers,1,1,0,1
dampening,5,2,3,-1
stupidest,9,0,9,-9
barks,16,6,10,-4
soak,1,0,1,-1
symptoms,16,7,9,-2
mixes,3,0,3,-3
steaming,1,0,1,-1
charts,4,4,0,4
insualte,1,0,1,-1
johnsdaughter,2,0,2,-2
bridget,1,0,1,-1
foreground,2,2,0,2
purely,9,7,2,5
esmej,1,1,0,1
pegging,1,1,0,1
visual,24,19,5,14
abstinence,1,0,1,-1
mouth,33,16,17,-1
eudaimonic,2,2,0,2
jellyfish,1,0,1,-1
removed,22,8,14,-6
bilby,1,0,1,-1
viehkeys,1,1,0,1
coquette,5,4,1,3
evernever,1,0,1,-1
thumbs,11,5,6,-1
equipment,3,1,2,-1
stack,9,7,2,5
campfire,1,1,0,1
ol,3,3,0,3
politely,19,13,6,7
revolves,2,0,2,-2
touring,5,4,1,3
reciting,1,1,0,1
interactivity,2,2,0,2
liability,1,1,0,1
sleeve,61,34,27,7
societies,1,1,0,1
interactive,3,2,1,1
encouragement,3,2,1,1
hing,1,0,1,-1
military,27,14,13,1
hotly,2,1,1,0
regulator,1,0,1,-1
proudly,5,3,2,1
momey,1,0,1,-1
vvm,2,1,1,0
added,67,23,44,-21
pesticides,2,2,0,2
latter,1,1,0,1
ditch,6,2,4,-2
bdee,1,1,0,1
ramp,10,5,5,0
blockade,1,1,0,1
let,671,282,389,-107
dearly,8,3,5,-2
fabricated,2,2,0,2
nonurgent,1,0,1,-1
toro,1,1,0,1
perma,6,4,2,2
ksl,3,0,3,-3
fools,2,0,2,-2
bacteria,1,0,1,-1
booooo,5,4,1,3
irreverent,2,2,0,2
unusual,20,20,0,20
stealer,1,1,0,1
hey,384,209,175,34
spare,16,7,9,-2
inject,5,4,1,3
degree,45,16,29,-13
prize,14,4,10,-6
relevantly,1,1,0,1
valley,8,3,5,-2
grad,11,2,9,-7
humanity,1,0,1,-1
genetics,4,3,1,2
recreationally,13,2,11,-9
hanes,1,0,1,-1
responsibilities,4,4,0,4
resonates,1,0,1,-1
humans,16,4,12,-8
pimples,3,1,2,-1
dialogue,6,5,1,4
source,151,35,116,-81
pleading,2,2,0,2
taylors,1,0,1,-1
luteal,12,5,7,-2
overprotective,1,1,0,1
sparkpaws,2,0,2,-2
sleepovers,7,0,7,-7
sources,9,5,4,1
counteract,4,3,1,2
accept,63,32,31,1
sorts,16,6,10,-4
gracefully,1,1,0,1
classes,25,9,16,-7
autocorrect,8,5,3,2
complacent,3,2,1,1
walk,238,82,156,-74
way,1757,676,1081,-405
sundays,10,5,5,0
highlander,1,1,0,1
souvenir,1,1,0,1
pullup,6,0,6,-6
yearn,1,1,0,1
oozes,1,0,1,-1
cdac,1,1,0,1
diagnosing,4,0,4,-4
trimester,2,0,2,-2
tweets,2,1,1,0
losing,40,18,22,-4
team,175,85,90,-5
allie,7,1,6,-5
rotate,8,1,7,-6
janney,4,0,4,-4
mountain,217,148,69,79
chess,12,7,5,2
temporary,12,7,5,2
obtuse,2,0,2,-2
jason's,1,1,0,1
affect,23,8,15,-7
fog,2,2,0,2
nearby,6,2,4,-2
jacques,12,6,6,0
shaking,4,3,1,2
techops,1,1,0,1
childless,1,1,0,1
bloodstream,2,0,2,-2
disclaimer,3,1,2,-1
instagrams,6,2,4,-2
themes,4,3,1,2
purchase,10,3,7,-4
schedule,94,28,66,-38
tiera,1,0,1,-1
hospitalization,1,1,0,1
unable,33,25,8,17
classic,67,25,42,-17
vault,14,2,12,-10
judging,2,1,1,0
cool,680,366,314,52
fragile,6,5,1,4
kon,2,1,1,0
offstage,1,1,0,1
plunge,1,1,0,1
euroroof,1,1,0,1
earlier,6185,2368,3817,-1449
sophisticated,2,2,0,2
guaranteed,24,2,22,-20
meadows,1,1,0,1
framework,2,0,2,-2
libel,1,1,0,1
marley,21,16,5,11
coaching,44,15,29,-14
bembury,1,1,0,1
plum,6,1,5,-4
career,27,17,10,7
trimmering,1,0,1,-1
chaser,2,2,0,2
chewer,1,0,1,-1
earnestness,1,1,0,1
comments,136,35,101,-66
skewer,2,2,0,2
bkb,2,1,1,0
heckled,4,1,3,-2
spring,17,13,4,9
early,150,70,80,-10
finite,2,1,1,0
overboard,3,0,3,-3
congratulating,1,0,1,-1
sabotage,3,0,3,-3
police,20,3,17,-14
ps,1,0,1,-1
advocating,1,1,0,1
piling,2,1,1,0
unrelated,50,33,17,16
undertones,2,1,1,0
pcp,6,6,0,6
petiole,1,0,1,-1
ponderosa,1,0,1,-1
investor,2,0,2,-2
busting,1,0,1,-1
emphasized,4751,2078,2673,-595
nearly,49,9,40,-31
kneebar,10,6,4,2
masker,1,0,1,-1
requesting,3,0,3,-3
dhe,1,1,0,1
monterey,1,0,1,-1
complicating,1,0,1,-1
stimulate,2,1,1,0
pumpkins,3,2,1,1
ranking,13,7,6,1
cyclic,2,2,0,2
miniature,1,0,1,-1
present,25,18,7,11
percentage,18,10,8,2
nauseas,2,2,0,2
animal,39,17,22,-5
incomparable,3,0,3,-3
cmon,3,3,0,3
calms,2,1,1,0
mandatory,12,3,9,-6
jacque,2,2,0,2
cabelas,2,0,2,-2
sk,1,0,1,-1
scenery,2,2,0,2
trust,166,78,88,-10
controller,25,5,20,-15
judgment,10,9,1,8
attempt,26,22,4,18
ethnicity,1,1,0,1
chewing,9,4,5,-1
apparently,108,46,62,-16
chaos,5,4,1,3
unaffected,1,0,1,-1
misfit,1,1,0,1
satisfies,1,1,0,1
bb,2,1,1,0
caricature,1,0,1,-1
efcf,1,0,1,-1
intermediates,2,1,1,0
mris,1,0,1,-1
onboard,1,1,0,1
sales,13,5,8,-3
tasked,4,3,1,2
arty,1,1,0,1
hammer,6,2,4,-2
steven,122,36,86,-50
doubled,9,2,7,-5
ear,15,8,7,1
responsive,2,0,2,-2
addressing,5,1,4,-3
bongo,1,0,1,-1
stylish,7,7,0,7
compiling,2,2,0,2
nurturing,2,2,0,2
doesnt,12,9,3,6
subjectively,3,3,0,3
memory,67,38,29,9
stalling,3,0,3,-3
slc,1,1,0,1
climbingvan,1,0,1,-1
shrieked,1,0,1,-1
perverted,2,2,0,2
restraint,3,2,1,1
frontward,1,1,0,1
surpassingly,1,0,1,-1
kevi,1,0,1,-1
means,341,112,229,-117
thao,2,2,0,2
inhabited,1,0,1,-1
inexplicable,3,0,3,-3
ridiculed,4,1,3,-2
icebreaker,2,1,1,0
kidnapping,1,1,0,1
toller,3,2,1,1
repaul,1,1,0,1
blames,3,1,2,-1
delegate,2,1,1,0
acclimation,2,2,0,2
proud,117,55,62,-7
frige,1,0,1,-1
crankily,1,0,1,-1
reports,7,3,4,-1
implied,8,2,6,-4
now,2125,933,1192,-259
emotionally,41,29,12,17
pipkin,1,1,0,1
underestimated,2,1,1,0
ratings,3,1,2,-1
explores,1,0,1,-1
roy,5,3,2,1
throwback,1,1,0,1
brains,12,5,7,-2
label,12,1,11,-10
voices,15,7,8,-1
grouped,3,3,0,3
douchebag,1,1,0,1
aux,3,1,2,-1
astrthelabel,1,0,1,-1
strict,1,1,0,1
rate,44,13,31,-18
buildings,6,5,1,4
territory,6,5,1,4
stressed,64,32,32,0
feminization,6,5,1,4
scamp,3,2,1,1
checkers,3,1,2,-1
monologue,2,2,0,2
foundation,1,1,0,1
abuser,1,0,1,-1
imprtoken,1,0,1,-1
genetically,2,1,1,0
squint,2,0,2,-2
beta,49,20,29,-9
haley,2,0,2,-2
escitalopram,2,2,0,2
cement,2,1,1,0
looking,462,233,229,4
bib,6,0,6,-6
counteracted,1,0,1,-1
seizures,1,0,1,-1
operated,3,2,1,1
mexico,1,1,0,1
defensively,1,0,1,-1
henry,41,5,36,-31
disappointment,3,1,2,-1
readers,3,1,2,-1
rider,1,1,0,1
schultz,2,1,1,0
seat,41,15,26,-11
widened,1,0,1,-1
slideshow,2,1,1,0
wettest,1,0,1,-1
heroic,1,1,0,1
stop,286,106,180,-74
tabata,4,3,1,2
package,17,9,8,1
boot,7,6,1,5
bih,2,2,0,2
ick,26,13,13,0
ta,1,0,1,-1
demanded,1,1,0,1
fewest,2,0,2,-2
daniel,5,1,4,-3
lair,2,0,2,-2
dif,4,4,0,4
slip,20,9,11,-2
affirm,2,2,0,2
worsts,1,1,0,1
registered,16,3,13,-10
clarkson,2,2,0,2
barrier,6,0,6,-6
brb,1,1,0,1
pita,1,1,0,1
frolick,3,1,2,-1
sponsorships,3,0,3,-3
araya,3,0,3,-3
underwood,2,1,1,0
aurora,7,5,2,3
shouldnt,1,1,0,1
regularly,13,10,3,7
dane,3,3,0,3
interferes,1,0,1,-1
lovelace,1,1,0,1
overhanging,2,1,1,0
acde,1,1,0,1
julian,8,0,8,-8
epilation,1,1,0,1
granite,4,1,3,-2
transforms,1,0,1,-1
hindered,2,0,2,-2
uncommon,7,6,1,5
engaging,1,1,0,1
happen,200,79,121,-42
audacity,11,1,10,-9
debt,4,1,3,-2
herringbone,2,2,0,2
marked,1,1,0,1
striped,2,1,1,0
third,65,30,35,-5
bake,11,6,5,1
loved,7306,1570,5736,-4166
jones,12,10,2,8
shred,1,0,1,-1
initiative,1,0,1,-1
go,1788,758,1030,-272
measurements,11,7,4,3
succeeding,3,0,3,-3
oooof,2,2,0,2
diy,17,7,10,-3
bitchiness,4,4,0,4
rhymes,1,0,1,-1
ooopsies,2,2,0,2
day,1401,561,840,-279
hygiene,1,1,0,1
swiping,3,1,2,-1
leaky,8,4,4,0
boil,3,3,0,3
vantech,1,0,1,-1
augmentation,3,3,0,3
unfinished,3,1,2,-1
action,18,8,10,-2
lowers,4,0,4,-4
manger,1,1,0,1
lucy,27,8,19,-11
buff,3,2,1,1
trifecta,5,3,2,1
herokuapp,1,1,0,1
sufficient,2,1,1,0
javascript,2,2,0,2
examples,19,5,14,-9
openly,1,1,0,1
excited,172,84,88,-4
specifying,1,0,1,-1
norweigan,1,1,0,1
representative,1,1,0,1
endurance,2,1,1,0
reduction,2,2,0,2
pikachu,1,1,0,1
dependence,1,1,0,1
distractions,1,0,1,-1
rotisserie,5,0,5,-5
rapport,1,1,0,1
beaver,2,0,2,-2
archetype,1,1,0,1
vehdetail,1,0,1,-1
sunnyvale,2,2,0,2
smallbusinesssupport,1,0,1,-1
stripped,11,1,10,-9
juno,6,4,2,2
minerals,2,2,0,2
socializing,2,2,0,2
sw,3,3,0,3
exciting,113,57,56,1
dollars,56,21,35,-14
sneezy,3,0,3,-3
adderalls,1,0,1,-1
happened,246,116,130,-14
coon,13,6,7,-1
bfbe,1,0,1,-1
caulk,6,6,0,6
figures,8,3,5,-2
snooping,4,2,2,0
stoppppp,1,1,0,1
sliced,4,3,1,2
locked,12,7,5,2
human,53,23,30,-7
blindness,4,3,1,2
gclsrc,2,2,0,2
soo,37,37,0,37
slumped,1,1,0,1
sue,7,1,6,-5
football,15,5,10,-5
polish,2,1,1,0
blur,1,0,1,-1
buffet,2,1,1,0
ceras,1,1,0,1
subtler,1,0,1,-1
gillian,7,3,4,-1
bandless,2,0,2,-2
normalized,3,1,2,-1
lume's,1,0,1,-1
womxn,1,1,0,1
dartmouth,1,1,0,1
message,16093,8058,8035,23
outdoor,15,2,13,-11
afterwards,4,3,1,2
trivial,2,1,1,0
interestingly,1,1,0,1
breakup,70,47,23,24
toho,2,2,0,2
shinies,3,3,0,3
branded,4,3,1,2
prioritized,3,0,3,-3
extremely,218,132,86,46
lick,12,3,9,-6
shellacks,1,1,0,1
ocun,3,1,2,-1
rubbing,4,2,2,0
despises,1,0,1,-1
friendlier,1,1,0,1
zoom,13,3,10,-7
okedoke,4,4,0,4
carpool,18,6,12,-6
bouldered,2,1,1,0
nonjudgmentally,1,0,1,-1
snort,1,1,0,1
eyelids,3,1,2,-1
stances,2,2,0,2
export,3,3,0,3
category,131,42,89,-47
lords,1,0,1,-1
cheapest,23,9,14,-5
nooo,21,21,0,21
millennial,2,1,1,0
introverted,2,2,0,2
customize,1,1,0,1
haunter,1,1,0,1
throws,11,3,8,-5
arc,1,1,0,1
comforts,1,1,0,1
briefly,18,7,11,-4
screenings,1,1,0,1
lower,64,21,43,-22
via,18,10,8,2
skaters,1,1,0,1
itunes,4,1,3,-2
batteries,43,11,32,-21
keke,9,2,7,-5
maximises,1,0,1,-1
disorder,15,10,5,5
legitimately,74,33,41,-8
glowing,2,2,0,2
mann,2,2,0,2
ebird,1,0,1,-1
canadian,1,0,1,-1
eligibility,2,1,1,0
dopamine,29,3,26,-23
stilling,1,1,0,1
areola,1,0,1,-1
unsends,1,1,0,1
hooked,4,4,0,4
librarian,3,1,2,-1
arrange,4,1,3,-2
shells,4,4,0,4
mouths,1,0,1,-1
akira,1,0,1,-1
unnerved,1,1,0,1
resold,1,0,1,-1
golds,1,0,1,-1
advisor,2,1,1,0
unlabeled,1,0,1,-1
trendsetter,1,0,1,-1
anika's,1,0,1,-1
kbbq,1,0,1,-1
thesis,4,0,4,-4
pusher,1,0,1,-1
inhaled,1,1,0,1
painter,1,1,0,1
release,33,15,18,-3
cave,19,9,10,-1
injections,22,15,7,8
luggage,1,1,0,1
wingspan,9,1,8,-7
madness,11,7,4,3
howling,1,0,1,-1
fixates,2,0,2,-2
clerical,1,1,0,1
genericclimbing,3,0,3,-3
prematurely,1,0,1,-1
spoon,16,3,13,-10
binx,1,0,1,-1
farm,21,11,10,1
delegation,1,1,0,1
eyesight,5,3,2,1
gardener,1,1,0,1
uphold,2,0,2,-2
reverting,1,0,1,-1
manta,2,0,2,-2
conrextualixe,1,1,0,1
wordless,2,2,0,2
out,2921,1157,1764,-607
considerable,3,3,0,3
ocassonally,1,1,0,1
silje,38,24,14,10
quantum,1,1,0,1
times,424,192,232,-40
remotely,15,7,8,-1
roadboulder,1,0,1,-1
copious,2,2,0,2
cannonball,1,0,1,-1
reflect,12,7,5,2
foreman,2,0,2,-2
shift,64,19,45,-26
ravine,4,2,2,0
accurately,7,6,1,5
hero,23,14,9,5
lectured,1,0,1,-1
relationshipgoals,2,0,2,-2
arbitrarily,3,1,2,-1
river,43,5,38,-33
vuori's,6,1,5,-4
bullies,2,2,0,2
weed,24,21,3,18
boo,9,8,1,7
afdc,1,0,1,-1
stagehands,1,0,1,-1
allison,14,2,12,-10
inclusion,4,1,3,-2
sufferable,2,0,2,-2
specialize,1,1,0,1
conscientious,1,0,1,-1
jonathan,13,7,6,1
reply,36,5,31,-26
twists,4,2,2,0
rerecords,3,1,2,-1
binary,141,131,10,121
methods,7,1,6,-5
coupler,7,7,0,7
hill,33,13,20,-7
ion,3,1,2,-1
janna,1,1,0,1
portraying,1,1,0,1
snacking,5,1,4,-3
foodservice,1,1,0,1
disgustingly,2,1,1,0
redditor,1,1,0,1
nefarious,6,3,3,0
cera,9,6,3,3
trippin,1,0,1,-1
cowell,1,0,1,-1
hvdev,1,0,1,-1
lawyer,4,0,4,-4
exclaimed,1,0,1,-1
alia,1,1,0,1
exhale,1,1,0,1
seeming,4,0,4,-4
syncing,3,2,1,1
deck,1,1,0,1
tarantulas,1,0,1,-1
namingbebe,0,0,0,0
additions,1,0,1,-1
newfound,1,1,0,1
diaries,1,1,0,1
malnourished,1,0,1,-1
warmth,1,1,0,1
distracts,2,1,1,0
leafs,3,1,2,-1
ls,2,0,2,-2
ridiculous,38,9,29,-20
observable,1,0,1,-1
ridiculously,1,0,1,-1
wavelength,1,1,0,1
noing,1,1,0,1
accomplish,11,1,10,-9
domestic,16,10,6,4
yanks,1,0,1,-1
hypothetical,42,23,19,4
wym,4,4,0,4
hollow,2,2,0,2
confiscating,1,0,1,-1
hqve,1,1,0,1
reintroduce,1,0,1,-1
neighborcare,1,0,1,-1
peuple,1,1,0,1
scooter,11,2,9,-7
lasso,12,10,2,8
tale,2,1,1,0
weddings,7,3,4,-1
baed,1,0,1,-1
hem,3,0,3,-3
repeats,4,3,1,2
acorn,5,2,3,-1
repair,14,7,7,0
sleeping,55,29,26,3
chrese,1,0,1,-1
stickers,2,1,1,0
announcement,10,3,7,-4
wordle,4,3,1,2
lovee,2,2,0,2
benedict,14,1,13,-12
intimately,3,2,1,1
fueled,1,1,0,1
therapytok,1,0,1,-1
booth,3,2,1,1
nerds,5,3,2,1
sigh,3,0,3,-3
banged,3,0,3,-3
freshman,10,1,9,-8
keirsch,1,1,0,1
drugged,1,1,0,1
rivers,2,1,1,0
buttered,2,2,0,2
hmmm,29,29,0,29
stat,3,2,1,1
keeva,4,1,3,-2
karber,1,0,1,-1
laziest,1,1,0,1
vacuum,53,9,44,-35
balloon,9,4,5,-1
sandbag,2,1,1,0
vanelectricaldiagram,2,0,2,-2
gums,2,0,2,-2
fiscal,1,0,1,-1
spiderman,8,3,5,-2
hiangle,2,0,2,-2
albeit,1,1,0,1
interrupts,4,1,3,-2
adbc,1,1,0,1
rejoiced,2,1,1,0
precipitation,1,1,0,1
abbb,2,2,0,2
mop,8,1,7,-6
trusts,2,0,2,-2
nwmls,1,1,0,1
traps,4,2,2,0
delays,2,0,2,-2
campsite,2,0,2,-2
magnesium,10,1,9,-8
redo,5,1,4,-3
flew,13,5,8,-3
settings,7,6,1,5
ruining,17,4,13,-9
intoxication,2,2,0,2
i'm,10,6,4,2
gremlin,2,2,0,2
bunny,6,4,2,2
wallpaper,3,2,1,1
curated,3,1,2,-1
stenciling,1,1,0,1
inebriated,1,1,0,1
sillier,1,0,1,-1
german,13,4,9,-5
aecf,1,1,0,1
fluted,7,0,7,-7
ahhhhh,7,7,0,7
flavor,35,8,27,-19
viable,2,1,1,0
does,1450,787,663,124
olds,8,2,6,-4
sausages,2,0,2,-2
geography,1,0,1,-1
hiding,33,14,19,-5
notallmen,1,0,1,-1
ruder,1,0,1,-1
diskin,5,1,4,-3
modifications,3,2,1,1
redeemed,1,1,0,1
donated,5,3,2,1
inadequate,4,0,4,-4
midweek,2,0,2,-2
systematic,2,2,0,2
dropped,47,21,26,-5
soapy,3,1,2,-1
unsavory,1,0,1,-1
bus,66,45,21,24
undecided,2,1,1,0
gatherings,1,0,1,-1
swings,2,1,1,0
scented,2,0,2,-2
elected,1,1,0,1
everyone,432,175,257,-82
blue,115,42,73,-31
offwidth,1,0,1,-1
flood,5,3,2,1
isn't,2,2,0,2
wowww,2,2,0,2
tpu,1,1,0,1
dissolved,1,0,1,-1
combos,1,0,1,-1
cabinetry,8,7,1,6
depictions,1,0,1,-1
shoppers,2,2,0,2
ballroom,1,1,0,1
keeley's,1,1,0,1
waking,13,8,5,3
glaze,2,1,1,0
prick,1,1,0,1
guidebook,1,0,1,-1
underrated,2,2,0,2
logistical,8,3,5,-2
punnet,3,2,1,1
saying,489,204,285,-81
frustratingly,3,2,1,1
properties,2,1,1,0
micromanage,1,0,1,-1
clacks,1,0,1,-1
separation,5,3,2,1
installed,10,4,6,-2
unplug,1,0,1,-1
positive,56,30,26,4
shooted,1,0,1,-1
borzoi,4,3,1,2
appreciating,2,1,1,0
cutouts,3,1,2,-1
revolved,1,1,0,1
heyyy,5,5,0,5
sunroof,17,2,15,-13
fridges,12,1,11,-10
jp,2,0,2,-2
attached,34,11,23,-12
referral,4,4,0,4
passport,5,1,4,-3
australianshepherdsoftiktok,1,0,1,-1
listeners,1,1,0,1
softening,1,1,0,1
queens,4,2,2,0
rule,68,32,36,-4
naming,19,9,10,-1
stefanie,3,1,2,-1
sf,2,2,0,2
ropkins,1,0,1,-1
stephens,1,1,0,1
questionnaire,5,2,3,-1
flashing,3,1,2,-1
informed,24,7,17,-10
perspectives,3,3,0,3
riveted,1,1,0,1
thriller,3,2,1,1
oooh,28,25,3,22
blankly,1,0,1,-1
drawer,24,8,16,-8
climbon,1,0,1,-1
cpos,1,0,1,-1
snuggling,3,2,1,1
vid,7,6,1,5
lung,1,0,1,-1
presume,3,1,2,-1
admittedly,4,4,0,4
lumberjack,1,1,0,1
white,193,79,114,-35
showerer,1,1,0,1
q,5,5,0,5
teaser,1,0,1,-1
cyrus,21,2,19,-17
pretty,802,393,409,-16
positions,8,6,2,4
homeschooled,2,0,2,-2
celebrated,5,1,4,-3
ex,108,53,55,-2
empathetic,1,0,1,-1
bookshelf,4,0,4,-4
yayyy,1,1,0,1
mamma,6,0,6,-6
custody,3,3,0,3
begrudgingly,11,4,7,-3
announcing,4,0,4,-4
loosened,1,0,1,-1
regulates,1,0,1,-1
grass,10,7,3,4
aligned,2,1,1,0
enabled,1,1,0,1
swing,9,5,4,1
impure,3,1,2,-1
regretfully,1,0,1,-1
creepiness,1,1,0,1
during,149,63,86,-23
proving,7,5,2,3
christmases,2,2,0,2
roadside,1,1,0,1
nasa,3,1,2,-1
donovan,9,5,4,1
representatives,3,3,0,3
anxiousness,2,2,0,2
mmmi,1,1,0,1
lowes,5,1,4,-3
validity,1,1,0,1
plates,9,3,6,-3
wordlessly,3,1,2,-1
pity,3,0,3,-3
mangionee,2,2,0,2
unironically,10,10,0,10
sprinterspecialists,1,0,1,-1
dccd,1,0,1,-1
cruel,11,7,4,3
unclogged,1,0,1,-1
lesbians,12,5,7,-2
entomologist,1,1,0,1
died,45,23,22,1
hoses,1,0,1,-1
ab,2,0,2,-2
buying,106,38,68,-30
paragraph,7,4,3,1
coerced,1,1,0,1
dipping,5,3,2,1
emblem,1,1,0,1
collars,12,6,6,0
clifforded,2,2,0,2
replied,35,2,33,-31
doorbell,1,0,1,-1
comically,6,1,5,-4
historically,7,3,4,-1
standoff,2,1,1,0
slant,1,0,1,-1
shortening,3,1,2,-1
roll,27,10,17,-7
referring,20,12,8,4
crowding,1,0,1,-1
cheat,18,5,13,-8
tawabanga,4,3,1,2
challenged,1,0,1,-1
notifying,1,0,1,-1
netflix,22,9,13,-4
sunburned,2,2,0,2
boxcar,1,1,0,1
hyptoethical,1,1,0,1
katya,3,3,0,3
drinks,20,8,12,-4
actressbecc,1,0,1,-1
ache,6,1,5,-4
invasive,3,2,1,1
golden,17,12,5,7
impasse,1,0,1,-1
revealed,12,3,9,-6
lifestyles,3,3,0,3
cycles,3,0,3,-3
vapes,1,1,0,1
digby,4,1,3,-2
delightful,8,1,7,-6
narcing,1,0,1,-1
owes,4,2,2,0
hurrying,1,0,1,-1
letters,70,26,44,-18
pilot,2,2,0,2
snaps,7,5,2,3
goatee,2,0,2,-2
ing,4,3,1,2
denver,4,0,4,-4
omgg,2,2,0,2
asterisks,2,2,0,2
priority,15,5,10,-5
beaten,2,1,1,0
majestic,3,0,3,-3
refilled,5,2,3,-1
flags,15,6,9,-3
astonished,2,0,2,-2
rompery,1,1,0,1
threats,1,0,1,-1
umber,3,3,0,3
folk,9,5,4,1
swan,1,1,0,1
quartz,1,1,0,1
fuuck,1,1,0,1
castle,6,3,3,0
flexible,5,2,3,-1
charitable,2,2,0,2
prime,11,1,10,-9
intimidated,3,0,3,-3
conflict,12,7,5,2
ori,1,0,1,-1
barf,1,0,1,-1
sobriety,1,1,0,1
tackled,1,0,1,-1
sprays,2,2,0,2
fonts,1,1,0,1
ig,4,3,1,2
bbfe,3,1,2,-1
inferno,1,1,0,1
numbs,1,1,0,1
notification,13,8,5,3
solace,1,1,0,1
anecdotal,9,6,3,3
upright,6,0,6,-6
knivory,4,2,2,0
maiden,1,1,0,1
test,124,66,58,8
spaces,8,5,3,2
project,103,62,41,21
return,30,9,21,-12
fo,3,3,0,3
sneaking,6,1,5,-4
spells,5,4,1,3
cot,1,1,0,1
masked,1,1,0,1
ronny,2,1,1,0
recognizes,4,4,0,4
uniform,2,0,2,-2
gills,1,0,1,-1
irrational,9,6,3,3
goer,1,0,1,-1
billing,1,1,0,1
bureaucracy,2,1,1,0
renogy,14,0,14,-14
companies,25,6,19,-13
ellly,3,3,0,3
articulacy,1,1,0,1
loss,12,8,4,4
jess,11,6,5,1
guinea,2,1,1,0
plein,2,2,0,2
hotdog,2,2,0,2
brick,1,1,0,1
roaches,1,0,1,-1
stocking,1,1,0,1
belongings,1,1,0,1
strawberries,2,1,1,0
disagree,62,34,28,6
compared,21,9,12,-3
credible,5,4,1,3
charity,12,6,6,0
guess,609,222,387,-165
cactus,5,2,3,-1
collector,2,2,0,2
soothing,2,2,0,2
sundress,12,9,3,6
james,56,15,41,-26
fantasies,3,0,3,-3
planes,3,3,0,3
couplegoals,2,0,2,-2
witness,7,6,1,5
exemptions,1,1,0,1
replaced,20,5,15,-10
lea,142,117,25,92
broach,1,0,1,-1
droopy,1,1,0,1
horn,2,0,2,-2
seated,1,1,0,1
recover,4,2,2,0
meltdown,3,2,1,1
automated,3,2,1,1
envelopes,1,0,1,-1
knows,241,82,159,-77
finishing,27,6,21,-15
identity,24,14,10,4
hallelujah,13,8,5,3
spaced,3,1,2,-1
ffba,1,0,1,-1
disoproxil,1,1,0,1
reprinted,1,1,0,1
amiably,2,2,0,2
shelf,39,6,33,-27
freezer,11,0,11,-11
boost,1,0,1,-1
unholy,3,3,0,3
bicycle,10,10,0,10
mattress,40,4,36,-32
seaweed,2,2,0,2
sibling,13,5,8,-3
traffic,18,5,13,-8
petting,2,2,0,2
taproottheatre,1,0,1,-1
damn,228,207,21,186
unprompted,8,4,4,0
dollar,18,8,10,-2
ebbd,1,0,1,-1
automatic,12,2,10,-8
okee,2,2,0,2
posing,3,2,1,1
vacations,5,0,5,-5
normals,1,1,0,1
religion,18,13,5,8
petsoftiktok,1,0,1,-1
tmobiles,2,0,2,-2
bleachers,2,2,0,2
volt,12,2,10,-8
carpet,26,4,22,-18
waiver,17,9,8,1
experts,7,2,5,-3
akc,1,0,1,-1
wordplay,1,0,1,-1
halves,11,3,8,-5
stretching,5,3,2,1
mullet,11,3,8,-5
invalidated,1,0,1,-1
assuming,43,20,23,-3
climbers,53,30,23,7
baptism,1,0,1,-1
preached,1,1,0,1
bluffing,1,1,0,1
withstand,2,1,1,0
housesitting,1,0,1,-1
weakest,7,3,4,-1
feet,129,34,95,-61
revolving,1,1,0,1
undeterred,1,0,1,-1
diameter,1,1,0,1
japan,3,2,1,1
tactic,5,4,1,3
replica,4,1,3,-2
daughters,2,2,0,2
paused,3,0,3,-3
thinking,507,212,295,-83
closable,1,0,1,-1
grids,1,1,0,1
aeca,1,0,1,-1
doggo,1,0,1,-1
rabbits,1,0,1,-1
dicor,9,0,9,-9
chases,3,0,3,-3
intervene,3,1,2,-1
enhancement,1,1,0,1
crowdfunding,2,0,2,-2
weirded,3,3,0,3
rinse,1,0,1,-1
heheh,1,1,0,1
laydown,1,0,1,-1
ugliest,9,5,4,1
faithful,2,0,2,-2
jv,12,10,2,8
wrenches,1,0,1,-1
hue,1,1,0,1
touchups,1,1,0,1
spirit,8,5,3,2
accidentally,74,40,34,6
understands,11,9,2,7
affordable,1,1,0,1
eh,23,12,11,1
premieres,1,0,1,-1
peformed,1,1,0,1
rumpl,1,1,0,1
broad,12,7,5,2
cheery,1,1,0,1
successful,25,15,10,5
hiccup,3,1,2,-1
christ,6,6,0,6
escalating,1,0,1,-1
awaiting,1,1,0,1
plastic,37,15,22,-7
spiritual,4,4,0,4
midnightlightning,1,0,1,-1
purposes,8,6,2,4
lingered,1,1,0,1
floral,20,9,11,-2
texture,18,8,10,-2
perk,5,1,4,-3
historic,3,3,0,3
hateeee,1,1,0,1
wjennnot,2,2,0,2
overthink,1,0,1,-1
mars,2,1,1,0
sufficiently,1,1,0,1
freshest,1,0,1,-1
yesterdays,2,2,0,2
issaquah,2,0,2,-2
archielowrider,2,0,2,-2
compressor,17,10,7,3
memes,9,5,4,1
roads,2,2,0,2
country,58,32,26,6
tannins,1,0,1,-1
transy,1,1,0,1
highly,18,8,10,-2
fired,18,6,12,-6
settter,1,0,1,-1
competitor,1,0,1,-1
independently,9,3,6,-3
albatross,1,1,0,1
shout,3,2,1,1
celebrating,5,2,3,-1
disclose,4,1,3,-2
waterfalls,1,1,0,1
weigh,10,5,5,0
tin,2,1,1,0
motivate,3,0,3,-3
strive,3,0,3,-3
bigot,3,1,2,-1
cat,265,98,167,-69
airing,1,0,1,-1
bing,2,0,2,-2
conflicted,7,4,3,1
iconic,10,8,2,6
motorcycle,4,1,3,-2
expand,5,2,3,-1
reacted,21,13,8,5
rly,1,0,1,-1
evilest,1,1,0,1
intimiately,2,2,0,2
awwwwweeeeee,1,1,0,1
dreamt,1,1,0,1
wi,3,1,2,-1
teleporting,1,1,0,1
rays,2,2,0,2
disrupt,1,0,1,-1
live,376,184,192,-8
cassette,3,0,3,-3
toons,1,1,0,1
cup,32,15,17,-2
multivitatmin,1,1,0,1
nasty,5,5,0,5
unrolling,1,1,0,1
superiority,6,3,3,0
subscription,7,2,5,-3
dacus,11,3,8,-5
zygote,1,0,1,-1
based,153,63,90,-27
pushback,1,0,1,-1
dang,13,13,0,13
combo,29,7,22,-15
gambino,2,1,1,0
begins,2,0,2,-2
toward,9,9,0,9
displeased,2,1,1,0
flex,5,5,0,5
insurance,88,51,37,14
feasible,7,4,3,1
counterpoints,1,1,0,1
dual,7,1,6,-5
dies,12,5,7,-2
nonplatonically,1,0,1,-1
arch,5,2,3,-1
tjat,1,1,0,1
mitzvah,2,0,2,-2
bias,7,3,4,-1
snoop,3,1,2,-1
unfathomable,3,3,0,3
keaton,7,7,0,7
floss,1,0,1,-1
cashless,2,2,0,2
gary,1,0,1,-1
crystally,1,0,1,-1
hose,14,3,11,-8
buffing,2,0,2,-2
ouhhnnn,1,1,0,1
dirtlegal,1,0,1,-1
stepping,11,6,5,1
fondly,1,1,0,1
abandoned,9,3,6,-3
lol,443,436,7,429
internship,10,2,8,-6
silas,13,9,4,5
goes,303,144,159,-15
refunded,2,1,1,0
dates,38,21,17,4
intelligent,11,8,3,5
relief,10,9,1,8
greenies,1,1,0,1
hyped,1,1,0,1
pleasantries,2,2,0,2
ate,38,20,18,2
bedside,1,1,0,1
exasperated,1,0,1,-1
minds,10,5,5,0
gesture,2,2,0,2
enraged,1,0,1,-1
daunting,1,0,1,-1
connections,5,3,2,1
pls,7,7,0,7
justifying,1,1,0,1
grid,6,1,5,-4
burping,2,1,1,0
empathize,3,2,1,1
lily,2,0,2,-2
triglide,3,1,2,-1
breakdance,1,1,0,1
stronger,35,16,19,-3
facialteam,1,1,0,1
later,933,529,404,125
cardboard,4,1,3,-2
armpits,6,2,4,-2
frugality,2,2,0,2
summary,13,3,10,-7
isabel,4,2,2,0
ugh,69,26,43,-17
pistol,3,2,1,1
babysitter,4,2,2,0
stems,1,0,1,-1
polygamy,2,1,1,0
flair,2,0,2,-2
buckleguy,2,0,2,-2
embroidered,4,1,3,-2
trimming,2,2,0,2
dfddbcff,1,1,0,1
nonconsecutive,1,0,1,-1
chopsticks,1,1,0,1
pounds,26,3,23,-20
example,99,42,57,-15
newly,4,2,2,0
natalia,2,1,1,0
buts,1,0,1,-1
expectation,2,2,0,2
torchwood,1,1,0,1
pined,1,0,1,-1
glazed,1,0,1,-1
obsessed,62,25,37,-12
finnsters,1,1,0,1
togram,1,1,0,1
entering,5,4,1,3
seafood,7,1,6,-5
substitute,2,1,1,0
cudi,1,0,1,-1
flying,13,4,9,-5
themming,2,2,0,2
bravest,4,0,4,-4
arent,3,3,0,3
stretches,2,0,2,-2
recovering,3,1,2,-1
tweaks,11,0,11,-11
bible,9,2,7,-5
therapisting,2,0,2,-2
thebaldandthebeautiful,1,1,0,1
make,1674,629,1045,-416
renovations,1,0,1,-1
pack,40,6,34,-28
tights,13,7,6,1
mj,3,3,0,3
conclusive,2,2,0,2
work,1256,494,762,-268
hahahahahahaha,1,1,0,1
excels,1,1,0,1
name,1134,614,520,94
blunt,4,1,3,-2
knuckles,1,0,1,-1
unconcede,2,0,2,-2
lowe's,2,0,2,-2
avg,3,3,0,3
thems,1,1,0,1
vents,2,0,2,-2
amino,2,0,2,-2
momentumclimbing,2,0,2,-2
idaho,6,1,5,-4
knowledgegraphshares,1,1,0,1
effeminate,2,1,1,0
cheated,10,4,6,-2
stealth,2,2,0,2
grabbed,15,5,10,-5
chum,1,1,0,1
accusatory,1,1,0,1
backpacks,1,0,1,-1
unnaturally,1,0,1,-1
new,897,372,525,-153
suffocated,1,1,0,1
carpenters,1,1,0,1
dictionary,1,1,0,1
special,108,46,62,-16
pickpocketed,1,0,1,-1
superhuman,1,0,1,-1
operate,3,2,1,1
durability,3,1,2,-1
tight,37,21,16,5
bedc,1,0,1,-1
nailed,19,4,15,-11
combination,26,7,19,-12
pong,1,1,0,1
officers,2,0,2,-2
rainy,4,2,2,0
athens,1,1,0,1
every,918,220,698,-478
edging,3,0,3,-3
reciprocity,3,2,1,1
relocating,1,0,1,-1
skincare,1,1,0,1
viewers,1,0,1,-1
openers,1,0,1,-1
surviving,2,2,0,2
maintenance,11,5,6,-1
secop,2,0,2,-2
berries,4,1,3,-2
renting,11,4,7,-3
euthanize,3,0,3,-3
insert,4,2,2,0
bluey,3,2,1,1
kaiju,5,5,0,5
mining,1,0,1,-1
than,1743,677,1066,-389
vol,1,1,0,1
jfk,1,1,0,1
dimmer,1,0,1,-1
protein,21,6,15,-9
selected,7,6,1,5
walkthrough,1,0,1,-1
hiv,5,2,3,-1
heheee,2,2,0,2
gorilla,2,2,0,2
agitated,1,1,0,1
sarcasm,2,0,2,-2
quarterly,1,0,1,-1
ducks,3,1,2,-1
grapefruits,1,0,1,-1
summa,1,1,0,1
select,10,8,2,6
seasons,6,3,3,0
ollie,1,1,0,1
bug,10,4,6,-2
cleolonglegs,2,0,2,-2
east,10,1,9,-8
paying,137,43,94,-51
sitter,3,1,2,-1
reth,1,0,1,-1
reputation,19,5,14,-9
simpsons,10,6,4,2
corynn,1,0,1,-1
routes,128,23,105,-82
lemons,3,3,0,3
kid,176,63,113,-50
unreleased,6,5,1,4
ms,3,3,0,3
bedrooms,21,4,17,-13
decree,2,0,2,-2
tangential,1,0,1,-1
adored,1,0,1,-1
conversations,30,12,18,-6
conform,1,0,1,-1
dress,210,94,116,-22
ward,1,0,1,-1
injury,9,1,8,-7
costume,14,7,7,0
recovers,1,0,1,-1
surrogate,9,5,4,1
deadpool,2,0,2,-2
wright,7,1,6,-5
yess,51,51,0,51
unscrewing,1,0,1,-1
wraps,2,2,0,2
caillat,1,0,1,-1
vancouver,15,4,11,-7
hats,6,4,2,2
fern,11,5,6,-1
calming,3,3,0,3
analogy,3,0,3,-3
conspicuous,1,0,1,-1
deities,1,1,0,1
starting,91,53,38,15
remarkably,12,1,11,-10
bases,3,2,1,1
akita,2,0,2,-2
escaped,1,0,1,-1
graphite,1,1,0,1
monocrystalline,5,0,5,-5
loopholes,1,1,0,1
text,348,185,163,22
raising,3,1,2,-1
safer,3,0,3,-3
cis,129,81,48,33
sos,5,5,0,5
wizards,3,1,2,-1
detail,20,14,6,8
lanb,1,1,0,1
wetlands,5,0,5,-5
began,6,1,5,-4
everything,369,153,216,-63
quit,99,33,66,-33
countdown,1,0,1,-1
meaningless,9,5,4,1
complications,4,4,0,4
wobbling,1,0,1,-1
businesses,6,2,4,-2
clunky,2,2,0,2
colleen,0,0,0,0
dha,2,2,0,2
floofed,1,0,1,-1
coolness,2,2,0,2
inserting,1,0,1,-1
beep,7,0,7,-7
eight,2,2,0,2
growth,13,11,2,9
kinder,5,3,2,1
foul,2,2,0,2
swords,1,1,0,1
descriptions,8,4,4,0
horses,15,11,4,7
flip,10,9,1,8
adaptable,1,1,0,1
waste,21,7,14,-7
complain,42,9,33,-24
toph,2,0,2,-2
australia,5,1,4,-3
exude,1,0,1,-1
riveter,2,0,2,-2
premise,2,0,2,-2
plushie,1,1,0,1
overwhelmed,18,7,11,-4
mikeabrusci,1,0,1,-1
norway,12,7,5,2
edges,8,2,6,-4
bristles,1,0,1,-1
stapling,1,0,1,-1
amiss,1,0,1,-1
gossiping,4,1,3,-2
painless,1,1,0,1
reunion,5,3,2,1
evade,1,0,1,-1
guys,216,70,146,-76
sews,2,0,2,-2
unbiasedly,1,1,0,1
slinky,1,0,1,-1
shaman,3,1,2,-1
reba,4,0,4,-4
always,961,362,599,-237
understably,1,0,1,-1
cutting,40,19,21,-2
jft,1,1,0,1
natural,43,19,24,-5
victoriassecret,2,1,1,0
slly,1,1,0,1
fjallraven,3,1,2,-1
jetboil,3,1,2,-1
separating,1,0,1,-1
longer,171,66,105,-39
email,140,40,100,-60
closet,27,17,10,7
investments,1,1,0,1
rudder,1,0,1,-1
cb,1,0,1,-1
solely,2,1,1,0
scorer,1,1,0,1
bcs,1,1,0,1
personably,1,0,1,-1
premature,1,1,0,1
signals,3,0,3,-3
qfc,1,1,0,1
warby,2,1,1,0
sniff,9,2,7,-5
terms,37,22,15,7
turned,76,20,56,-36
philosophy,6,3,3,0
hotspot,1,1,0,1
wildly,11,8,3,5
stupidity,2,1,1,0
pervert,1,1,0,1
mitochondrial,1,0,1,-1
adderall,26,2,24,-22
sandler,1,1,0,1
clears,2,1,1,0
capable,26,6,20,-14
cloud,10,2,8,-6
sunr,1,0,1,-1
demanding,7,3,4,-1
stepsisters,2,1,1,0
outrageously,2,2,0,2
undeniably,3,3,0,3
melissa,1,0,1,-1
inverse,3,1,2,-1
chemists,1,1,0,1
booher,1,1,0,1
degenerate,1,1,0,1
endorsed,2,1,1,0
trends,6,4,2,2
binders,1,1,0,1
bbad,1,1,0,1
hk,1,1,0,1
jennifer's,1,1,0,1
lied,15,6,9,-3
nack,1,1,0,1
danes,1,0,1,-1
fact,236,46,190,-144
ovary,4,0,4,-4
patagonia,14,6,8,-2
courage,4,2,2,0
dom,109,67,42,25
youuu,2,2,0,2
ecology,3,0,3,-3
squatting,1,0,1,-1
eternally,1,1,0,1
clauses,1,1,0,1
theorists,1,1,0,1
types,33,16,17,-1
double,74,37,37,0
nate,20,4,16,-12
reflects,1,1,0,1
area,113,49,64,-15
melt,2,1,1,0
prep,16,11,5,6
impreza,4,0,4,-4
fairplayforwomen,1,1,0,1
compelling,4,1,3,-2
bandcamp,10,2,8,-6
motivator,5,5,0,5
contraindication,2,1,1,0
rightful,1,0,1,-1
booster,3,1,2,-1
handful,8,4,4,0
bouncing,1,0,1,-1
straighten,2,0,2,-2
troll,4,3,1,2
size,212,76,136,-60
believing,7,3,4,-1
spreading,3,1,2,-1
eagles,1,0,1,-1
chronically,10,8,2,6
crux,26,9,17,-8
fork,5,4,1,3
unfurnished,1,1,0,1
stuffy,3,0,3,-3
ouchie,1,1,0,1
alicia,1,1,0,1
lifts,7,3,4,-1
coach,53,27,26,1
omnivore,1,0,1,-1
meyers,1,1,0,1
oppenheimer,17,3,14,-11
dirty,30,17,13,4
forefoot,2,2,0,2
cheese,93,35,58,-23
sweetener,2,0,2,-2
feb,5,5,0,5
frenchie,3,3,0,3
priming,1,1,0,1
libi,11,4,7,-3
freedom,18,7,11,-4
yeezys,1,1,0,1
printout,1,1,0,1
companionship,2,1,1,0
conrad,3,2,1,1
ssrs,1,1,0,1
sesh,4,2,2,0
sprout,5,3,2,1
roped,2,0,2,-2
jennu,1,1,0,1
idol,1,1,0,1
indistinguishable,1,0,1,-1
standing,79,39,40,-1
vision,25,12,13,-1
kaboom,1,1,0,1
rode,4,2,2,0
preheat,1,0,1,-1
hahahahhaahah,1,1,0,1
theyll,1,1,0,1
criss,1,0,1,-1
suffocating,3,2,1,1
kraken,1,0,1,-1
touches,7,0,7,-7
inspire,5,0,5,-5
delicate,4,2,2,0
tma,1,1,0,1
gems,22,9,13,-4
maddys,1,1,0,1
associational,6,6,0,6
ice,91,37,54,-17
unprovoked,1,1,0,1
kart,2,0,2,-2
distinctly,13,2,11,-9
hoping,61,34,27,7
napping,5,1,4,-3
androgenous,3,2,1,1
mango,12,9,3,6
makw,1,1,0,1
pliers,1,0,1,-1
beneath,2,1,1,0
rhett,3,0,3,-3
zelda,13,7,6,1
lianna,11,1,10,-9
slouch,2,0,2,-2
crank,1,0,1,-1
ivy,14,1,13,-12
wtf,52,50,2,48
chiefing,2,0,2,-2
prophecy,1,1,0,1
gengar,1,1,0,1
aeba,1,1,0,1
presence,20,8,12,-4
tsunami,3,1,2,-1
tongue,9,4,5,-1
href,2,2,0,2
treats,71,15,56,-41
dilated,1,0,1,-1
downgraded,2,0,2,-2
drafting,3,2,1,1
deviant,3,3,0,3
renton,5,0,5,-5
uncomfortable,63,21,42,-21
apathetic,1,1,0,1
cost,88,35,53,-18
turf,1,0,1,-1
lime,3,2,1,1
wrinkling,1,0,1,-1
pleaseeeeeeee,1,1,0,1
uninviting,1,0,1,-1
replace,40,9,31,-22
minding,4,0,4,-4
roommates,67,16,51,-35
greedy,5,1,4,-3
minis,1,1,0,1
daddy,7,6,1,5
mormon,2,0,2,-2
atoms,2,0,2,-2
moreover,1,1,0,1
burner,1,0,1,-1
tianna,2,1,1,0
paperwhite,1,0,1,-1
exited,6,5,1,4
steam,5,2,3,-1
insects,1,0,1,-1
transmedcialism,1,1,0,1
qualities,7,4,3,1
careless,2,0,2,-2
tip,18,8,10,-2
peptide,2,0,2,-2
masculine,6,4,2,2
absentmindedly,1,0,1,-1
dunking,1,0,1,-1
pressed,9,6,3,3
back,1070,421,649,-228
selfies,5,1,4,-3
loudest,4,2,2,0
cheaped,1,1,0,1
sweatshirts,5,1,4,-3
aside,28,8,20,-12
afac,1,0,1,-1
maine,18,7,11,-4
jindo,24,5,19,-14
subtitle,1,0,1,-1
essence,4,3,1,2
glob,1,0,1,-1
recorder,3,3,0,3
obligated,19,7,12,-5
allyanna,2,0,2,-2
nominate,4,0,4,-4
seatbelt,1,0,1,-1
troubles,20,17,3,14
ft,32,21,11,10
saturdays,8,1,7,-6
audio,38,19,19,0
shucks,3,3,0,3
attract,4,2,2,0
compressiony,1,0,1,-1
trusting,8,4,4,0
record's,1,0,1,-1
nuances,5,5,0,5
inflation,1,0,1,-1
drip,3,0,3,-3
lipstick,2,2,0,2
optimism,1,1,0,1
written,49,29,20,9
million,37,17,20,-3
murder,8,2,6,-4
sherman,2,1,1,0
eg,1,1,0,1
spellcheck,1,0,1,-1
liberal,2,2,0,2
inhibitors,1,0,1,-1
slut,8,5,3,2
classroom,1,1,0,1
foes,1,0,1,-1
subreddit,2,1,1,0
receptor,2,0,2,-2
finals,9,1,8,-7
leftover,4,1,3,-2
prettier,6,5,1,4
toxic,25,21,4,17
fruits,2,1,1,0
schemes,3,0,3,-3
divisonals,2,1,1,0
gals,2,1,1,0
bari,1,1,0,1
outfits,15,8,7,1
uneducated,6,1,5,-4
interconnected,4,0,4,-4
stamps,1,0,1,-1
tetanus,1,0,1,-1
piath,1,1,0,1
destroyed,4,3,1,2
gtg,1,1,0,1
hurdle,2,0,2,-2
ideas,103,44,59,-15
tourism,1,0,1,-1
pans,4,0,4,-4
amazed,5,4,1,3
neevory,1,0,1,-1
caroline,89,18,71,-53
afbd,1,1,0,1
honnolds,1,1,0,1
gentlmanly,1,1,0,1
falkore,1,1,0,1
unfound,1,1,0,1
tuckermans,6,6,0,6
afters,1,0,1,-1
cleanest,1,0,1,-1
infinitum,1,1,0,1
neckline,11,2,9,-7
cbbf,1,1,0,1
brought,90,29,61,-32
visualize,1,1,0,1
omnipresence,1,1,0,1
petfinder,95,23,72,-49
pulleys,2,1,1,0
fdcc,1,0,1,-1
blaine,1,1,0,1
peruse,1,0,1,-1
someplace,1,1,0,1
condemning,1,0,1,-1
garages,3,2,1,1
midnights,25,8,17,-9
dehydrated,9,0,9,-9
plums,1,0,1,-1
reservation,1,0,1,-1
dynasty,1,0,1,-1
poach,2,1,1,0
motorcycles,1,1,0,1
palmer,8,2,6,-4
affa,1,1,0,1
believable,4,3,1,2
bathtub,1,1,0,1
includes,15,3,12,-9
reliable,13,5,8,-3
ie,6,3,3,0
meth,2,1,1,0
nerve,2,2,0,2
practical,9,7,2,5
punctuated,1,1,0,1
smiled,3,2,1,1
healed,6,5,1,4
emphasis,7,2,5,-3
bearing,3,0,3,-3
rhetoric,2,1,1,0
babes,11,8,3,5
claws,2,0,2,-2
silhouette,6,2,4,-2
prejudice,10,5,5,0
spectrum,11,4,7,-3
roberts,1,0,1,-1
superchunk,5,3,2,1
bbb,2,2,0,2
embarrassed,39,33,6,27
misnomer,1,1,0,1
lin,2,0,2,-2
jensen,5,3,2,1
threaded,3,3,0,3
ferns,2,1,1,0
unsocial,1,1,0,1
ifsc,4,1,3,-2
idioms,1,1,0,1
xoxo,1,1,0,1
fort,5,3,2,1
possibilities,5,5,0,5
birdwatcher,1,0,1,-1
primo,1,1,0,1
mistress,5,3,2,1
thermos,1,0,1,-1
welcome,64,34,30,4
routesets,1,0,1,-1
storyline,1,0,1,-1
hermon,2,0,2,-2
wrecked,1,0,1,-1
grwnt,2,1,1,0
extensively,1,1,0,1
turds,1,0,1,-1
dp,64,24,40,-16
instructions,14,4,10,-6
nephew,7,1,6,-5
respond,97,51,46,5
grotesque,1,1,0,1
harmful,5,1,4,-3
crams,1,1,0,1
ultras,2,1,1,0
sensibility,1,1,0,1
instincts,15,6,9,-3
redundant,9,2,7,-5
guarded,2,1,1,0
joining,2,1,1,0
circumstances,18,7,11,-4
victory,3,3,0,3
introduce,19,8,11,-3
uncanny,2,2,0,2
impartial,2,1,1,0
clocky,1,1,0,1
brainwash,1,1,0,1
drawing,55,37,18,19
indoors,2,0,2,-2
silky,1,0,1,-1
ship,10,5,5,0
bubble,9,1,8,-7
owning,17,7,10,-3
dissociated,1,1,0,1
redmond,1,0,1,-1
psilocybin,1,1,0,1
reality,46,38,8,30
cyrusveyssi,1,0,1,-1
harassing,4,2,2,0
father,15,9,6,3
misinterpreting,1,0,1,-1
tipsy,4,4,0,4
invalidates,2,0,2,-2
biweekly,3,2,1,1
gifford,2,2,0,2
swallowed,3,2,1,1
visuals,2,2,0,2
theirs,14,5,9,-4
dairy,5,2,3,-1
salutations,2,0,2,-2
momentarily,2,1,1,0
resenting,1,0,1,-1
dogging,1,0,1,-1
un,5,4,1,3
appreciates,5,2,3,-1
winnebago,4,0,4,-4
i,44306,20539,23767,-3228
timid,4,2,2,0
busy,92,33,59,-26
brackets,15,5,10,-5
sigourney,1,1,0,1
props,10,3,7,-4
trapped,21,10,11,-1
bamboo,1,1,0,1
beat,44,17,27,-10
underclings,3,0,3,-3
influenced,5,4,1,3
panting,1,0,1,-1
extroverted,1,1,0,1
hiatus,1,1,0,1
marinelayer,1,0,1,-1
acquaintances,2,0,2,-2
terribly,18,2,16,-14
offered,43,19,24,-5
hoist,1,1,0,1
emotional,57,40,17,23
tues,2,2,0,2
aweee,2,2,0,2
vibrating,4,0,4,-4
claire,264,41,223,-182
proteins,1,0,1,-1
suspicion,4,2,2,0
christmas,135,70,65,5
kaijus,1,0,1,-1
sylvester,2,0,2,-2
arrangement,1,1,0,1
festoolusa,1,1,0,1
hali,1,0,1,-1
punchlines,2,0,2,-2
craig,19,15,4,11
gifts,9,5,4,1
port,4,2,2,0
carlabezanson,1,0,1,-1
lilac,2,0,2,-2
menace,5,0,5,-5
dearest,1,1,0,1
vanishment,4,0,4,-4
delivering,3,2,1,1
limping,1,1,0,1
suspension,1,1,0,1
agreement,5,4,1,3
windows,31,9,22,-13
subjects,5,4,1,3
corny,1,1,0,1
reactivedogawareness,1,0,1,-1
swayed,1,1,0,1
compassionate,1,1,0,1
jaako,1,1,0,1
vest,16,7,9,-2
stressing,3,2,1,1
cexp,1,0,1,-1
merles,2,0,2,-2
johansson,9,5,4,1
typo,6,3,3,0
pictured,5,2,3,-1
notch,2,0,2,-2
noticed,60,23,37,-14
thong,1,0,1,-1
lyssielooloo,1,0,1,-1
de,1,0,1,-1
seventies,1,1,0,1
epdm,2,0,2,-2
puppydog,2,2,0,2
political,4,3,1,2
befriending,1,1,0,1
australiancandle,1,0,1,-1
extrapolated,1,1,0,1
pistachio,3,0,3,-3
suspenders,1,1,0,1
sc,5,5,0,5
bccb,1,0,1,-1
logged,9,3,6,-3
deed,1,1,0,1
chickening,1,1,0,1
unbrakeup,1,1,0,1
nationals,8,1,7,-6
mezcal,1,0,1,-1
unaccepting,1,0,1,-1
regardless,97,23,74,-51
relentlessly,2,2,0,2
writes,12,4,8,-4
downsize,1,1,0,1
mutts,1,1,0,1
rise,11,5,6,-1
sweaters,4,1,3,-2
spotandtango,1,0,1,-1
acid,4,1,3,-2
brigitte,1,1,0,1
unpack,6,3,3,0
expert,17,8,9,-1
smoove,1,1,0,1
schooler,2,1,1,0
shameful,2,2,0,2
battery,91,15,76,-61
allowance,1,0,1,-1
maxxair,11,2,9,-7
suburban,1,1,0,1
degrading,2,2,0,2
peppermint,2,1,1,0
smartest,6,4,2,2
regression,3,1,2,-1
string,12,3,9,-6
tully,1,0,1,-1
shall,3,1,2,-1
talkie,7,2,5,-3
marijuana,4,1,3,-2
pearl,3,2,1,1
haga,9,5,4,1
understandably,2,1,1,0
rear,8,4,4,0
philosopher,1,1,0,1
bartells,3,0,3,-3
mitochondria,2,0,2,-2
interns,2,0,2,-2
bodies,25,10,15,-5
dogowners,1,0,1,-1
onboarding,1,1,0,1
pantsless,1,0,1,-1
makitas,1,0,1,-1
foamy,1,0,1,-1
elderly,8,5,3,2
split,47,9,38,-29
onion,4,1,3,-2
limit,14,5,9,-4
contributes,3,1,2,-1
steak,8,5,3,2
robe,1,1,0,1
glassy,1,0,1,-1
vermont,1,0,1,-1
psychopath,4,3,1,2
quite,129,47,82,-35
okayish,1,0,1,-1
implementing,1,0,1,-1
parenthood,2,2,0,2
cranston,3,2,1,1
marshmallows,5,4,1,3
overt,1,0,1,-1
exaggerated,3,1,2,-1
credited,2,1,1,0
pan,10,1,9,-8
brush,21,8,13,-5
chambray,1,0,1,-1
arrangements,1,1,0,1
duluthtrading,1,0,1,-1
speration,1,1,0,1
deathbed,1,0,1,-1
collision,2,1,1,0
politics,9,9,0,9
integrity,5,3,2,1
quickest,1,1,0,1
overtime,3,1,2,-1
airbnb,26,0,26,-26
pannign,1,0,1,-1
juhu,2,1,1,0
rotating,10,3,7,-4
texters,1,1,0,1
reliving,2,1,1,0
beverage,3,1,2,-1
core,15,9,6,3
deceptively,1,0,1,-1
textures,1,1,0,1
great,1440,607,833,-226
untitled,4,4,0,4
waddle,2,1,1,0
war,20,12,8,4
position,62,45,17,28
umm,13,13,0,13
assumes,11,5,6,-1
popular,32,12,20,-8
fears,9,3,6,-3
decisions,38,11,27,-16
degraded,1,1,0,1
truthfully,10,10,0,10
forearm,6,0,6,-6
spiral,1,0,1,-1
magic,16,9,7,2
daytime,11,2,9,-7
stair,8,2,6,-4
ahhhhhhh,1,1,0,1
fist,4,2,2,0
reckless,1,1,0,1
cookies,5,1,4,-3
likable,2,0,2,-2
crimps,13,3,10,-7
patti,4,3,1,2
plead,1,1,0,1
shredding,2,2,0,2
bullied,23,12,11,1
improve,15,5,10,-5
gultausikks,1,1,0,1
liking,47,15,32,-17
betray,1,1,0,1
omgggg,2,2,0,2
hinges,5,3,2,1
bdaf,1,0,1,-1
boooooo,3,3,0,3
whined,1,0,1,-1
sky,11,6,5,1
increments,3,0,3,-3
butyl,11,4,7,-3
shattered,1,1,0,1
scapulae,2,0,2,-2
of,13736,6189,7547,-1358
puzzling,1,0,1,-1
orcas,19,10,9,1
aabc,1,0,1,-1
transjames,1,0,1,-1
ghassan,2,2,0,2
smoking,17,12,5,7
kingdom,2,1,1,0
endorsing,1,0,1,-1
misinterpreted,2,2,0,2
squeaker,1,1,0,1
fl,3,3,0,3
twirl,1,0,1,-1
passably,2,0,2,-2
exit,13,6,7,-1
sheds,2,1,1,0
removes,1,1,0,1
allegation,1,0,1,-1
clumped,1,0,1,-1
import,3,3,0,3
admitted,10,4,6,-2
acdd,1,0,1,-1
elon,7,3,4,-1
strips,4,1,3,-2
updates,24,16,8,8
bodice,3,0,3,-3
berydress,3,3,0,3
indexes,2,2,0,2
engagement,6,2,4,-2
authors,3,1,2,-1
investment,13,5,8,-3
berth,2,0,2,-2
deescalate,1,0,1,-1
wounds,3,2,1,1
mythical,1,1,0,1
charting,1,0,1,-1
facetiming,5,3,2,1
sec,35,22,13,9
bfcb,1,0,1,-1
aliens,24,10,14,-4
concrete,5,3,2,1
wyrm,1,0,1,-1
ci,1,0,1,-1
races,1,1,0,1
sodas,1,1,0,1
reasonable,47,34,13,21
twitter,18,12,6,6
bitten,3,1,2,-1
phrases,1,1,0,1
unadulterated,1,1,0,1
persevere,2,0,2,-2
communicate,19,16,3,13
fav,1,1,0,1
rsvpd,1,1,0,1
refresh,1,1,0,1
sheets,20,7,13,-6
certainty,2,1,1,0
admin,2,2,0,2
emperor,3,1,2,-1
wiwowwwwww,1,1,0,1
erastoursurprisesong,1,0,1,-1
outweighs,1,1,0,1
picker,1,0,1,-1
stunned,3,3,0,3
garden,7,2,5,-3
conditioner,1,1,0,1
liu,2,1,1,0
rodmans,1,1,0,1
visage,1,1,0,1
recovered,5,2,3,-1
dura,1,1,0,1
spleen,1,1,0,1
takeaways,1,0,1,-1
outgrow,1,1,0,1
moses,1,1,0,1
interactions,12,7,5,2
hid,8,1,7,-6
colbie,1,0,1,-1
neexed,1,1,0,1
cravings,1,0,1,-1
belief,3,1,2,-1
hurricane,2,0,2,-2
gig,3,3,0,3
scared,142,69,73,-4
fake,107,34,73,-39
pottery,2,1,1,0
defensive,13,5,8,-3
boldness,1,1,0,1
matcha,1,0,1,-1
dior,6,0,6,-6
submitted,2,1,1,0
joolia,1,0,1,-1
got,1959,925,1034,-109
lowball,1,0,1,-1
castillo,1,1,0,1
casts,3,3,0,3
waiving,1,1,0,1
windhound,1,1,0,1
tils,1,0,1,-1
doyle,5,4,1,3
westport,1,1,0,1
mile,23,8,15,-7
workout,18,12,6,6
undertaking,1,1,0,1
morse,3,0,3,-3
hives,1,0,1,-1
ry,1,1,0,1
deadening,16,9,7,2
battles,2,0,2,-2
claiming,10,5,5,0
barista,2,0,2,-2
elli,2,0,2,-2
unrated,1,1,0,1
cock,1,1,0,1
publishing,2,0,2,-2
it,23810,9801,14009,-4208
necklaces,3,2,1,1
freal,1,1,0,1
lgbtq,1,1,0,1
bestdogcollars,1,0,1,-1
surgered,1,0,1,-1
pant,18,3,15,-12
isle,1,1,0,1
wotn,2,2,0,2
voodoo,2,2,0,2
tod,5,5,0,5
fundamental,7,4,3,1
loml,1,1,0,1
cherish,3,1,2,-1
worlds,47,28,19,9
film,50,29,21,8
corrision,1,0,1,-1
aloof,1,1,0,1
lit,4,2,2,0
lamp,2,1,1,0
meaning,26,15,11,4
herbert,1,0,1,-1
patterns,2,1,1,0
trip,99,19,80,-61
suggestion,17,4,13,-9
qts,1,0,1,-1
chesky,2,2,0,2
capitalist,2,0,2,-2
pleased,14,6,8,-2
indie,18,17,1,16
band,55,34,21,13
similarities,8,7,1,6
frozen,8,3,5,-2
hehee,5,5,0,5
nespresso,2,1,1,0
weirder,33,8,25,-17
divorced,14,4,10,-6
notable,5,2,3,-1
published,2,2,0,2
write,86,49,37,12
mechanical,9,3,6,-3
smoothie,6,4,2,2
overstate,3,2,1,1
healing,6,6,0,6
repay,3,2,1,1
cobwebs,1,1,0,1
unlimited,8,1,7,-6
churchgoers,1,0,1,-1
eventually,65,29,36,-7
hottie,3,3,0,3
rewatching,3,3,0,3
spot,108,57,51,6
eachother,26,26,0,26
baggage,1,1,0,1
process,135,54,81,-27
wishing,4,2,2,0
higher,68,24,44,-20
refuting,1,0,1,-1
menacingly,1,1,0,1
repeatable,1,1,0,1
goat,7,4,3,1
transmission,2,0,2,-2
displeasure,1,0,1,-1
harlow,2,1,1,0
keiko,4,4,0,4
icloud,2,2,0,2
storylines,1,1,0,1
unleashed,2,0,2,-2
wnba,1,0,1,-1
mustaches,2,1,1,0
med,3,2,1,1
dipper,1,1,0,1
portlands,1,1,0,1
promoted,4,1,3,-2
latch,4,1,3,-2
stormy,3,0,3,-3
tone,35,13,22,-9
assets,1,1,0,1
concerning,9,5,4,1
department,14,6,8,-2
takes,139,63,76,-13
training,95,40,55,-15
adam,11,10,1,9
emanuel,1,1,0,1
chargers,4,0,4,-4
publically,1,0,1,-1
gauges,2,1,1,0
assholery,1,1,0,1
nonverbal,2,1,1,0
averaging,1,1,0,1
perspicacity,1,1,0,1
strappy,3,0,3,-3
ohh,21,20,1,19
announced,18,0,18,-18
gasp,1,0,1,-1
carbonate,2,2,0,2
buckets,3,0,3,-3
hehehehe,8,8,0,8
resounding,1,0,1,-1
fda,2,1,1,0
dehumanizing,1,0,1,-1
suing,2,1,1,0
ooh,9,6,3,3
worn,17,4,13,-9
creeped,1,1,0,1
campaign,4,1,3,-2
subverting,1,1,0,1
nmvtis,1,0,1,-1
preoccupied,1,0,1,-1
kt,2,0,2,-2
qualifies,1,0,1,-1
synonymous,1,1,0,1
hurray,1,1,0,1
sprint,4,1,3,-2
selma,1,1,0,1
cs,13,10,3,7
imposing,4,2,2,0
rewatch,4,3,1,2
overcomplicated,1,0,1,-1
parksproject,1,0,1,-1
rihoas,2,0,2,-2
venmo,17,10,7,3
downside,13,5,8,-3
intervening,4,2,2,0
eaux,1,1,0,1
backwards,28,9,19,-10
rodan,3,2,1,1
progressing,1,0,1,-1
reinvolve,1,0,1,-1
reluctance,1,1,0,1
snitch,1,1,0,1
blueberry,1,0,1,-1
collar,64,20,44,-24
bombed,1,1,0,1
x,90,58,32,26
bowden,1,0,1,-1
nonspecific,1,0,1,-1
implants,2,2,0,2
citing,3,2,1,1
madagascar,3,0,3,-3
movies,218,135,83,52
archive,2,1,1,0
sad,294,173,121,52
employed,5,2,3,-1
conclude,5,1,4,-3
yivo,2,2,0,2
thinkin,2,1,1,0
surfboard,1,1,0,1
sane,3,2,1,1
breathed,1,1,0,1
rehomed,1,0,1,-1
monogamously,1,1,0,1
williams,3,1,2,-1
aspirational,1,0,1,-1
hagakure,1,1,0,1
korra,2,2,0,2
ida,1,0,1,-1
hilarious,106,24,82,-58
ny,1,1,0,1
minimize,3,1,2,-1
radius,2,0,2,-2
clamp,3,2,1,1
normally,44,11,33,-22
san,20,7,13,-6
closes,8,3,5,-2
fountain,6,1,5,-4
shocks,3,0,3,-3
haircuts,9,7,2,5
delta,1,1,0,1
bt,3,0,3,-3
dreamcarsautosales,1,0,1,-1
smashed,15,4,11,-7
physics,16,4,12,-8
dickies,2,2,0,2
girlsplain,1,0,1,-1
filipino,1,1,0,1
heroine,1,1,0,1
tabs,5,3,2,1
pid,1,0,1,-1
sometime,43,39,4,35
disguised,1,0,1,-1
refilling,1,0,1,-1
swapped,5,1,4,-3
gossip,15,8,7,1
unrealistic,6,2,4,-2
developers,3,1,2,-1
geronimois,1,0,1,-1
rolled,5,1,4,-3
blinked,3,0,3,-3
comparisons,4,1,3,-2
nonunion,1,1,0,1
jute,1,1,0,1
cm,1,1,0,1
hyptoethicals,1,1,0,1
cranky,51,15,36,-21
forgot,167,54,113,-59
wad,2,0,2,-2
being,1273,555,718,-163
scales,5,1,4,-3
honorable,2,1,1,0
poor,65,36,29,7
europeans,1,1,0,1
dale,1,0,1,-1
reserved,2,2,0,2
discreetly,2,1,1,0
carseat,1,0,1,-1
implications,4,3,1,2
hirings,1,1,0,1
nuria,2,2,0,2
reasonably,6,2,4,-2
suuch,1,1,0,1
lump,5,3,2,1
srs,4,4,0,4
uninterested,4,2,2,0
lamest,3,2,1,1
aq,1,0,1,-1
decorations,2,1,1,0
leisure,1,1,0,1
allergies,5,0,5,-5
johndaughter,3,0,3,-3
detest,1,1,0,1
tees,1,1,0,1
perpetuates,1,1,0,1
supports,3,3,0,3
elsie,4,2,2,0
nosey,1,1,0,1
thou,2,2,0,2
apprenticeship,8,4,4,0
hoarding,2,1,1,0
pens,4,2,2,0
enzymes,12,4,8,-4
torture,6,3,3,0
teared,1,1,0,1
crutch,3,3,0,3
influencer,12,7,5,2
yam,1,1,0,1
nw,2,1,1,0
said,2375,706,1669,-963
mismatching,1,0,1,-1
fmla,1,0,1,-1
reducing,2,0,2,-2
santiago,10,6,4,2
covid,36,5,31,-26
neurons,4,1,3,-2
authentic,1,1,0,1
trope,2,1,1,0
bartender,1,0,1,-1
anyway,130,128,2,126
chi,3,2,1,1
troublesome,2,0,2,-2
eyebrowless,2,0,2,-2
branch,3,0,3,-3
realize,127,54,73,-19
served,4,3,1,2
babysat,2,1,1,0
buttering,1,0,1,-1
and,18988,8546,10442,-1896
crocs,11,3,8,-5
drag,27,13,14,-1
voice,123,60,63,-3
wondering,72,23,49,-26
sacrificed,1,0,1,-1
mul,1,0,1,-1
speculate,4,4,0,4
ploy,3,1,2,-1
todd,24,13,11,2
sorcerer,1,1,0,1
shifting,3,2,1,1
switched,39,11,28,-17
canada,7,1,6,-5
dentistry,2,1,1,0
grinder,8,3,5,-2
communities,2,2,0,2
lunolife,1,0,1,-1
rinnklouds,1,1,0,1
mankind,3,3,0,3
beeen,3,3,0,3
effort,37,14,23,-9
hedonism,1,1,0,1
fsh,1,0,1,-1
spoken,12,3,9,-6
located,8,1,7,-6
addiction,4,3,1,2
bag,58,23,35,-12
transclimbersbelong,1,0,1,-1
items,21,11,10,1
candidates,3,2,1,1
undivorced,1,0,1,-1
yelp,4,3,1,2
caitlin,1,0,1,-1
antibody,2,0,2,-2
cries,4,0,4,-4
trainer,26,9,17,-8
gottta,1,1,0,1
coolest,13,4,9,-5
silken,1,1,0,1
nononono,18,18,0,18
grou,1,1,0,1
acs,1,1,0,1
thickens,1,0,1,-1
flagship,2,1,1,0
blatant,4,3,1,2
coulton,1,1,0,1
stuck,111,19,92,-73
perfect,451,171,280,-109
nigel,9,6,3,3
disqualifying,2,1,1,0
rounds,7,4,3,1
weaknesses,1,0,1,-1
insightful,2,1,1,0
filtered,1,1,0,1
calipers,4,2,2,0
byron,2,1,1,0
currentconnected,1,0,1,-1
bbdc,1,0,1,-1
plants,11,7,4,3
bms,2,0,2,-2
dealbreaker,17,6,11,-5
patchy,2,2,0,2
twelve,1,0,1,-1
shipping,35,8,27,-19
sayings,1,0,1,-1
kilterboard,1,1,0,1
leveled,1,0,1,-1
bankrupt,1,1,0,1
kindergarten,2,0,2,-2
ways,140,82,58,24
contracts,6,1,5,-4
clarification,5,0,5,-5
uprising,1,1,0,1
eldritch,1,1,0,1
dissuade,1,1,0,1
afaa,1,1,0,1
sporadically,2,2,0,2
tennis,28,16,12,4
andrews,9,6,3,3
rejects,1,0,1,-1
generative,2,2,0,2
hot,267,141,126,15
garage,44,23,21,2
gate,9,5,4,1
hella,1,1,0,1
dial,4,2,2,0
mountaingoatsmusic,1,0,1,-1
change,394,182,212,-30
scares,1,1,0,1
harris,2,0,2,-2
roadblock,1,1,0,1
curry,3,1,2,-1
dressed,26,12,14,-2
chihuahua,12,2,10,-8
rambling,3,2,1,1
dana,1,0,1,-1
kanye,1,0,1,-1
buffalo,1,1,0,1
kyleigh,2,0,2,-2
underwhelmingness,2,2,0,2
bece,1,1,0,1
references,10,4,6,-2
victim,4,3,1,2
whale,4,2,2,0
compulsion,1,1,0,1
prefinished,1,0,1,-1
diamoric,2,1,1,0
clinicians,2,1,1,0
ridi,4,3,1,2
daughter,23,7,16,-9
juggle,1,1,0,1
interested,120,59,61,-2
prescribed,8,7,1,6
antenna,1,1,0,1
whiplash,1,1,0,1
comfortable,66,33,33,0
lifted,2,1,1,0
angrier,1,1,0,1
senses,1,0,1,-1
imminent,2,1,1,0
punchline,20,7,13,-6
leggo,4,2,2,0
snubs,1,0,1,-1
communist,1,1,0,1
substantive,3,3,0,3
cows,27,9,18,-9
float,3,2,1,1
intolerant,1,1,0,1
kahoot,2,1,1,0
ventilation,2,0,2,-2
ctype,1,0,1,-1
gaslight,3,1,2,-1
humble,4,0,4,-4
heavy,32,13,19,-6
permitting,1,1,0,1
imagine,205,103,102,1
gladiator,3,3,0,3
toys,32,20,12,8
foothold,12,1,11,-10
requirements,6,4,2,2
sacrilege,1,1,0,1
cranberry,13,9,4,5
lip,10,4,6,-2
certified,7,2,5,-3
jejrhehrjdnzbbjhwhjxnhyuk,1,0,1,-1
unwelcome,1,0,1,-1
drivers,11,9,2,7
bumper,47,8,39,-31
lockerpaint,1,0,1,-1
typed,7,1,6,-5
outdated,2,1,1,0
endearing,13,7,6,1
scaring,1,1,0,1
pattern,14,8,6,2
multiple,60,14,46,-32
backfired,1,1,0,1
listen,247,116,131,-15
internal,3,3,0,3
arpin,2,0,2,-2
architect,1,0,1,-1
aged,20,7,13,-6
connect,26,13,13,0
crocodiles,1,0,1,-1
yikess,2,2,0,2
something,1739,725,1014,-289
nicknamed,1,0,1,-1
oops,88,31,57,-26
emerge,1,0,1,-1
pamela,6,4,2,2
royal,2,1,1,0
focused,12,7,5,2
voicemail,2,1,1,0
dens,1,1,0,1
arm,52,15,37,-22
plug,29,14,15,-1
insane,184,94,90,4
infographics,1,0,1,-1
understudies,4,4,0,4
biking,12,3,9,-6
maker,14,4,10,-6
obo,1,0,1,-1
weee,1,1,0,1
abbe,1,0,1,-1
picket,3,0,3,-3
forgiving,2,2,0,2
gish,2,2,0,2
evermore,23,3,20,-17
sunburns,1,0,1,-1
dragging,3,0,3,-3
consists,2,2,0,2
mayonnaise,1,1,0,1
musk,6,2,4,-2
suite,1,0,1,-1
footage,2,1,1,0
procedure,6,5,1,4
erasing,6,1,5,-4
magnitude,1,0,1,-1
cdc,2,1,1,0
sings,4,3,1,2
disconnect,4,4,0,4
cassettes,1,1,0,1
complicate,2,0,2,-2
chronicles,3,3,0,3
lingering,1,0,1,-1
clip,26,14,12,2
scenes,14,5,9,-4
insists,9,0,9,-9
prg,2,0,2,-2
pride,24,12,12,0
swifts,2,2,0,2
delilah,4,2,2,0
exacerbates,1,0,1,-1
additionally,1,0,1,-1
disneyland,2,1,1,0
inspired,16,4,12,-8
elves,2,1,1,0
creativity,2,2,0,2
interviewed,1,0,1,-1
thorns,10,2,8,-6
convincing,18,4,14,-10
legend,8,6,2,4
opposing,1,1,0,1
orgy,1,1,0,1
turning,26,6,20,-14
pays,51,20,31,-11
barbecue,3,1,2,-1
task,62,26,36,-10
laser,35,29,6,23
adversary,2,2,0,2
http,7,5,2,3
deescalations,1,1,0,1
r,29,20,9,11
brennan,3,0,3,-3
narrowly,5,0,5,-5
diarrhea,12,0,12,-12
pillow,17,11,6,5
personal,102,40,62,-22
insinuating,1,1,0,1
mimi,5,2,3,-1
equivalents,1,0,1,-1
ivf,6,0,6,-6
alf,2,2,0,2
narcissa,2,1,1,0
snows,2,1,1,0
unexpected,32,13,19,-6
notgivingyoumyemail,1,1,0,1
issue,59,36,23,13
snoopy,1,0,1,-1
mess,66,38,28,10
katy,1,0,1,-1
remake,4,1,3,-2
fries,4,0,4,-4
nonbinary,122,19,103,-84
deaths,1,1,0,1
wrote,64,22,42,-20
score,20,9,11,-2
swatted,2,1,1,0
jnyyuxpbpeg,1,1,0,1
conditions,12,5,7,-2
grip,4,1,3,-2
crazy,756,367,389,-22
giveyourdoganegg,1,0,1,-1
figuring,14,6,8,-2
leanings,1,1,0,1
puffer,3,3,0,3
flea,4,0,4,-4
chlamydia,2,1,1,0
lamarca,1,1,0,1
chiefs,1,0,1,-1
kittens,19,3,16,-13
workouts,5,4,1,3
howl,3,1,2,-1
biological,17,12,5,7
captivating,1,1,0,1
dwells,1,1,0,1
nemebknd,1,1,0,1
gooooo,1,1,0,1
hierarchy,4,2,2,0
closeted,2,1,1,0
pellets,1,1,0,1
coral,1,1,0,1
mainecoonkittensforsaleseattle,1,0,1,-1
intimacy,2,1,1,0
zions,2,2,0,2
traverse,1,1,0,1
formal,12,7,5,2
rooting,1,0,1,-1
proves,4,4,0,4
waitress,1,1,0,1
divider,3,1,2,-1
berman,7,6,1,5
attracts,1,1,0,1
gnarly,1,1,0,1
atomic,1,0,1,-1
masses,1,1,0,1
glare,5,1,4,-3
marginalized,1,0,1,-1
diets,1,0,1,-1
steroids,1,0,1,-1
madrock,7,3,4,-1
silly,254,150,104,46
caller,3,1,2,-1
them,2527,980,1547,-567
recapture,1,1,0,1
azul,2,0,2,-2
weekends,10,3,7,-4
coincidentally,13,6,7,-1
messaged,22,14,8,6
acl,1,0,1,-1
perfume,2,1,1,0
hand,222,83,139,-56
savage,5,5,0,5
fr,4,3,1,2
preview,5,2,3,-1
reminder,18,4,14,-10
cables,10,6,4,2
purging,1,1,0,1
wow,406,258,148,110
sprouts,3,1,2,-1
continual,1,1,0,1
bedroom,55,23,32,-9
threatened,5,3,2,1
walkway,1,0,1,-1
nike,10,2,8,-6
folder,3,2,1,1
lacks,1,1,0,1
dangerously,6,3,3,0
length,72,25,47,-22
paws,15,11,4,7
snoring,1,1,0,1
lowest,15,5,10,-5
dinin,2,0,2,-2
leaning,14,8,6,2
button,45,17,28,-11
conferences,2,2,0,2
errmmmmmm,1,1,0,1
fills,4,4,0,4
hvrand,1,0,1,-1
janky,1,1,0,1
tied,23,11,12,-1
totally,314,232,82,150
patronized,2,2,0,2
peepholes,1,0,1,-1
fogarty,1,0,1,-1
swedish,9,8,1,7
wyding,1,1,0,1
elated,2,0,2,-2
stands,29,16,13,3
milk,36,14,22,-8
ellecarolinenelson,1,0,1,-1
rejecting,2,2,0,2
michelle,7,0,7,-7
bulls,2,2,0,2
heckle,1,0,1,-1
hudson,1,0,1,-1
inspirational,1,0,1,-1
arguable,1,0,1,-1
hits,12,4,8,-4
zach,9,0,9,-9
unrealllllll,1,1,0,1
yesterday,315,115,200,-85
populations,2,0,2,-2
dilemmas,2,1,1,0
cashiers,6,1,5,-4
executives,1,0,1,-1
franko,1,1,0,1
stripes,8,2,6,-4
aeeb,1,1,0,1
camouflages,1,0,1,-1
dddc,1,1,0,1
vivien,2,2,0,2
cleared,2,1,1,0
venture,2,0,2,-2
confusion,13,6,7,-1
prepped,4,3,1,2
antibiotics,3,1,2,-1
sporadic,1,0,1,-1
beautiful,75,64,11,53
coe's,1,0,1,-1
sry,3,3,0,3
ingredient,1,0,1,-1
discover,12,5,7,-2
approved,16,7,9,-2
hire,56,20,36,-16
anders,1,0,1,-1
swung,1,0,1,-1
focus,35,19,16,3
curvy,2,0,2,-2
best,671,356,315,41
mudi,2,0,2,-2
brainer,1,1,0,1
oregon,19,6,13,-7
crisped,1,0,1,-1
crocheting,1,1,0,1
supervision,2,0,2,-2
kni,70,56,14,42
fingered,1,1,0,1
braking,1,0,1,-1
extruder,1,1,0,1
portlandia,3,1,2,-1
targeting,3,3,0,3
technicality,1,1,0,1
kung,1,0,1,-1
attainable,2,1,1,0
underpayment,1,0,1,-1
stinky,1,0,1,-1
defender,2,1,1,0
unified,1,0,1,-1
musgraves,8,3,5,-2
visited,3,3,0,3
aeab,2,1,1,0
literary,1,0,1,-1
helium,1,0,1,-1
correlate,3,2,1,1
debated,13,6,7,-1
provided,8,4,4,0
andersony,2,1,1,0
jogger,3,2,1,1
amg,3,3,0,3
ebaf,1,0,1,-1
anomaly,4,2,2,0
lithium,7,3,4,-1
psychiatric,1,1,0,1
fedex,2,0,2,-2
programming,5,3,2,1
alone,170,61,109,-48
linked,6,6,0,6
requests,8,2,6,-4
eradicating,1,0,1,-1
hustle,2,0,2,-2
spacey,1,1,0,1
plowed,1,0,1,-1
subtext,6,2,4,-2
flooding,2,1,1,0
annie,5,3,2,1
attempts,11,8,3,5
physiological,3,1,2,-1
pronouns,112,69,43,26
arrives,2,0,2,-2
anniversaries,2,2,0,2
tiktokmademebuyit,1,0,1,-1
hunch,2,0,2,-2
postpones,1,0,1,-1
compose,1,1,0,1
fits,41,10,31,-21
yearly,5,5,0,5
writers,11,8,3,5
shock,12,9,3,6
absosmurfly,5,5,0,5
acedia,1,1,0,1
fim,3,3,0,3
mug,6,1,5,-4
guillermo,2,2,0,2
dresser,16,3,13,-10
hobbled,1,0,1,-1
don't,13,8,5,3
inching,1,1,0,1
complained,17,5,12,-7
groomswoman,1,0,1,-1
junior,3,0,3,-3
vi,2,2,0,2
taking,225,99,126,-27
visually,4,4,0,4
pushing,9,2,7,-5
kelsey,0,0,0,0
digress,1,1,0,1
dedicated,13,8,5,3
drains,4,1,3,-2
payse,1,1,0,1
wronged,7,3,4,-1
peripheral,2,2,0,2
boho,4,1,3,-2
rainbow,4,0,4,-4
angeles,5,5,0,5
mothra,1,1,0,1
bend,11,4,7,-3
copper,5,2,3,-1
picasso,2,0,2,-2
sharpie,5,2,3,-1
directness,2,2,0,2
soulless,1,1,0,1
cosy,1,1,0,1
rayallen,1,0,1,-1
seed,2,2,0,2
exchange,13,4,9,-5
reagan,1,1,0,1
fortnightly,1,1,0,1
voted,8,1,7,-6
cn,1,0,1,-1
clamped,2,2,0,2
fluttering,1,0,1,-1
meridian,1,0,1,-1
floated,1,1,0,1
dan,3,3,0,3
warmer,8,2,6,-4
eurovision,2,0,2,-2
mentioning,19,9,10,-1
imprinted,1,1,0,1
windshield,10,2,8,-6
episode,58,30,28,2
necessary,43,23,20,3
mian,1,1,0,1
coy,1,1,0,1
armpit,6,0,6,-6
belongs,8,1,7,-6
sanded,1,1,0,1
puffies,2,0,2,-2
killers,4,3,1,2
pleasantly,5,5,0,5
ew,5,3,2,1
creatures,7,5,2,3
fixation,1,0,1,-1
collab,3,2,1,1
analogies,1,1,0,1
grindset,1,1,0,1
arguing,25,14,11,3
offenders,4,3,1,2
sarcastically,1,0,1,-1
fractional,1,1,0,1
oooooh,2,2,0,2
louise,211,37,174,-137
hungry,13,5,8,-3
specify,12,2,10,-8
supremacist,2,1,1,0
obstructed,1,0,1,-1
witnessed,3,2,1,1
unbalanced,1,0,1,-1
offices,2,2,0,2
lofi,7,5,2,3
managers,2,1,1,0
fires,3,2,1,1
robbins,1,1,0,1
tugging,1,0,1,-1
vowels,2,0,2,-2
tilley,1,1,0,1
heart,130,72,58,14
firefighters,1,1,0,1
jessie,3,1,2,-1
llely,1,1,0,1
fastly,2,2,0,2
ebooks,5,3,2,1
wandering,10,4,6,-2
nuance,6,4,2,2
tint,4,0,4,-4
flag,53,27,26,1
leopard,9,6,3,3
rains,4,1,3,-2
snarky,2,2,0,2
ccam,1,0,1,-1
slick,2,2,0,2
nos,1,0,1,-1
sabotaged,1,1,0,1
spookier,4,0,4,-4
sprayed,1,0,1,-1
held,33,12,21,-9
proportioned,3,0,3,-3
sharer,1,0,1,-1
attatchments,1,1,0,1
flopped,1,0,1,-1
scritches,1,0,1,-1
reminded,35,14,21,-7
sighing,1,0,1,-1
met,285,137,148,-11
hypocritical,2,0,2,-2
providerone,1,1,0,1
front,178,56,122,-66
downgrader,1,1,0,1
fishing,15,4,11,-7
stress,57,18,39,-21
cushions,8,1,7,-6
calculated,11,9,2,7
freaky,13,13,0,13
rediscovered,4,2,2,0
pinch,9,3,6,-3
elm,3,1,2,-1
tossed,1,0,1,-1
c,48,31,17,14
breaker,17,13,4,9
interviewing,6,3,3,0
feuds,1,1,0,1
crotch,5,2,3,-1
therabrand,1,1,0,1
filled,30,18,12,6
kidnapper,2,0,2,-2
tw,1,0,1,-1
gpas,1,0,1,-1
incessantly,3,0,3,-3
files,2,2,0,2
soundiiz,1,1,0,1
momento,6,0,6,-6
wordpress,1,0,1,-1
fixating,1,0,1,-1
fixer,1,0,1,-1
vetos,2,1,1,0
flipped,8,4,4,0
differentiates,1,1,0,1
calls,57,21,36,-15
bfac,2,1,1,0
bottoms,18,10,8,2
jennyfromthebesani,1,1,0,1
psi,1,0,1,-1
ruchi,1,1,0,1
accord,3,0,3,-3
spook,2,0,2,-2
youngest,8,7,1,6
rewarded,3,2,1,1
saltair,3,3,0,3
good,2650,1319,1331,-12
tysm,3,3,0,3
nonsarcastically,2,0,2,-2
crooked,11,4,7,-3
cattery,2,1,1,0
ml,1,0,1,-1
licorice,2,2,0,2
violate,2,2,0,2
weta,1,1,0,1
cracking,1,0,1,-1
taxidermy,2,0,2,-2
heyyyyy,1,1,0,1
undergrad,5,0,5,-5
noted,5,2,3,-1
reign,6,3,3,0
kara,1,0,1,-1
hassle,4,2,2,0
happybuy,1,0,1,-1
bluntness,1,1,0,1
fwd,1,0,1,-1
unplugged,1,1,0,1
grey,18,12,6,6
asos,59,47,12,35
cares,33,10,23,-13
blast,9,1,8,-7
fried,3,1,2,-1
uber,4,1,3,-2
screws,28,10,18,-8
manuscript,2,0,2,-2
derived,0,0,0,0
portraits,3,2,1,1
hairdresser,1,0,1,-1
sewed,2,0,2,-2
eternity,1,0,1,-1
leanna,6,4,2,2
graduate,34,13,21,-8
wednesday,99,36,63,-27
ughhhh,2,2,0,2
smoother,4,0,4,-4
carride,1,0,1,-1
waffles,3,2,1,1
nauseous,10,4,6,-2
intentions,9,6,3,3
eby,2,0,2,-2
tangled,1,1,0,1
presumably,25,14,11,3
postponed,3,0,3,-3
residential,2,0,2,-2
clouds,2,1,1,0
screw,35,22,13,9
marlon,1,1,0,1
iud,1,0,1,-1
appreciate,90,67,23,44
kelly,11,7,4,3
pray,8,5,3,2
heiq,1,0,1,-1
supplements,1,0,1,-1
babyname,1,0,1,-1
paige,4,4,0,4
clickbait,4,2,2,0
niho,3,1,2,-1
spends,6,4,2,2
mask,26,8,18,-10
watts,2,0,2,-2
kwak,1,0,1,-1
balances,5,2,3,-1
betas,2,0,2,-2
exclude,2,1,1,0
omgggggg,2,2,0,2
belated,2,1,1,0
healthy,38,23,15,8
avoiding,14,6,8,-2
factoring,1,1,0,1
rashy,7,1,6,-5
nb,12,8,4,4
crissmans,1,0,1,-1
supreme,2,1,1,0
staying,37,15,22,-7
lying,48,22,26,-4
reglued,1,1,0,1
oreo,6,1,5,-4
niece,2,1,1,0
astonishingly,3,0,3,-3
falcon,4,2,2,0
stance,18,10,8,2
pulled,37,8,29,-21
elimination,2,1,1,0
permadraws,1,0,1,-1
worried,101,34,67,-33
shop,124,54,70,-16
grooms,2,0,2,-2
drop,79,23,56,-33
hydra,1,1,0,1
girlcott,3,1,2,-1
woodwork,1,1,0,1
struggles,4,1,3,-2
unbroken,1,1,0,1
twink,6,6,0,6
dwellings,1,0,1,-1
dominant,3,2,1,1
puerto,1,0,1,-1
scam,33,9,24,-15
fluff,4,0,4,-4
wether,1,1,0,1
iii,1,0,1,-1
deli,1,0,1,-1
calligrapher,1,1,0,1
tack,2,0,2,-2
shanes,1,1,0,1
avalanche,1,1,0,1
pharmaceuticals,1,1,0,1
shading,2,2,0,2
effecting,1,1,0,1
bcbe,1,0,1,-1
gar,1,1,0,1
fan,164,69,95,-26
boogers,1,0,1,-1
involving,3,2,1,1
shunt,1,0,1,-1
equals,4,2,2,0
record,176,67,109,-42
trainers,7,1,6,-5
heightened,2,2,0,2
consistently,27,11,16,-5
quart,3,0,3,-3
toppings,2,1,1,0
stepmother,1,0,1,-1
rec,5,4,1,3
ian,37,8,29,-21
rats,3,1,2,-1
comparing,11,6,5,1
ten,2,1,1,0
other,1372,494,878,-384
swearing,2,1,1,0
consults,1,1,0,1
spay,1,0,1,-1
hickey,1,0,1,-1
carted,1,1,0,1
date,259,142,117,25
consideration,4,4,0,4
case,219,75,144,-69
judgement,10,1,9,-8
distanced,1,1,0,1
irritated,1,1,0,1
curves,1,0,1,-1
yeoh,1,0,1,-1
shamefully,2,1,1,0
nervous,75,26,49,-23
allegedly,1,1,0,1
thebes,6,5,1,4
understood,19,15,4,11
stopping,17,9,8,1
dogcollars,1,0,1,-1
ummm,12,12,0,12
parameter,1,0,1,-1
baad,1,1,0,1
woodworking,2,2,0,2
serval,1,0,1,-1
giggling,6,2,4,-2
decompress,1,1,0,1
tyler,4,1,3,-2
cecelia,1,0,1,-1
ists,2,1,1,0
abatement,1,0,1,-1
refund,14,4,10,-6
fists,1,0,1,-1
sia,1,1,0,1
retrieve,1,1,0,1
dolls,3,3,0,3
flaming,1,0,1,-1
mediad,1,1,0,1
honor,5,3,2,1
hurt,99,41,58,-17
defunked,1,1,0,1
lame,18,12,6,6
amazing,45,34,11,23
capitola,2,0,2,-2
comedic,3,1,2,-1
fad,2,1,1,0
mph,1,1,0,1
unredeemed,1,1,0,1
loan,25,5,20,-15
edcc,1,1,0,1
piss,2,2,0,2
counldnt,1,1,0,1
stoof,7,2,5,-3
graces,22,21,1,20
kickback,1,1,0,1
threatening,6,4,2,2
expertise,2,1,1,0
begun,5,1,4,-3
rv,23,2,21,-19
slater,1,0,1,-1
tel,1,1,0,1
bicep,1,0,1,-1
lighttruck,1,0,1,-1
doodle,9,1,8,-7
implying,11,4,7,-3
input,20,12,8,4
louder,6,1,5,-4
carter,7,1,6,-5
bitmoji,1,1,0,1
comedian,2,2,0,2
homophobic,20,5,15,-10
banana,16,8,8,0
subtract,2,1,1,0
lyric,5,3,2,1
rescheduled,4,1,3,-2
bdfc,1,1,0,1
generator,1,0,1,-1
backpedaling,2,0,2,-2
spreadsheet,30,11,19,-8
lopsided,1,0,1,-1
styrofoam,2,1,1,0
outclass,1,1,0,1
remembering,37,21,16,5
sprang,1,1,0,1
coolant,1,0,1,-1
abaf,1,0,1,-1
matilda,12,8,4,4
multifaceted,1,0,1,-1
well,1294,542,752,-210
spoilers,8,0,8,-8
intensely,23,11,12,-1
flossy,1,0,1,-1
silence,29,11,18,-7
facing,12,5,7,-2
indirectly,1,1,0,1
hewwo,1,1,0,1
channeling,1,1,0,1
westbronco,4,4,0,4
finesse,1,1,0,1
prepping,1,1,0,1
operation,12,12,0,12
bagel,3,0,3,-3
respectful,9,5,4,1
emdoodlesandstuff,10,0,10,-10
jmoney,1,1,0,1
stunning,6,3,3,0
mines,8,4,4,0
overshot,1,1,0,1
oral,9,2,7,-5
involved,82,24,58,-34
peeyah,1,1,0,1
dismantle,3,2,1,1
yw,2,2,0,2
disrupting,1,1,0,1
therefore,18,0,18,-18
santiagos,1,0,1,-1
aha,1,1,0,1
employer,1,1,0,1
bookmark,1,0,1,-1
crows,1,0,1,-1
login,9,8,1,7
karlie,4,1,3,-2
remembere,1,1,0,1
lectures,1,0,1,-1
maintaining,2,0,2,-2
ample,1,0,1,-1
cancelers,1,1,0,1
posh,1,1,0,1
recorded,8,1,7,-6
battleborn,1,0,1,-1
minions,1,1,0,1
beads,1,0,1,-1
better,974,500,474,26
revival,2,1,1,0
surrealist,1,1,0,1
uhhh,13,7,6,1
economic,1,1,0,1
cafe,8,5,3,2
ems,1,1,0,1
ultraman,5,5,0,5
ooooh,9,9,0,9
dometic,6,1,5,-4
hobbies,8,5,3,2
keg,1,0,1,-1
portland,61,15,46,-31
exclusive,18,7,11,-4
forwardly,1,1,0,1
daisy,4,2,2,0
consisted,2,1,1,0
keys,12,8,4,4
redemption,7,3,4,-1
rush,24,8,16,-8
vocab,4,1,3,-2
closest,31,16,15,1
bodied,4,2,2,0
similar,168,99,69,30
unnatural,1,1,0,1
males,2,0,2,-2
phd,6,0,6,-6
layouts,1,1,0,1
unexpecetd,1,0,1,-1
wore,36,13,23,-10
whatttt,1,1,0,1
award,5,3,2,1
fiancee,1,1,0,1
british,7,1,6,-5
united,9,4,5,-1
wreaths,2,2,0,2
wishers,4,3,1,2
lewis,11,1,10,-9
senior,17,10,7,3
druid,2,1,1,0
cue,1,0,1,-1
pond,27,7,20,-13
get,3032,1396,1636,-240
grossest,1,0,1,-1
tracheal,4,4,0,4
fast,134,49,85,-36
stock,16,3,13,-10
translate,17,5,12,-7
inspection,5,2,3,-1
interval,1,1,0,1
rosewood,7,7,0,7
pr,3,1,2,-1
flawlessly,1,0,1,-1
sculpt,1,1,0,1
mumblings,1,1,0,1
diagonal,4,1,3,-2
alluring,1,1,0,1
loosely,5,3,2,1
veev,1,0,1,-1
arrogant,1,1,0,1
restart,5,5,0,5
vs,104,72,32,40
commonly,5,3,2,1
delirious,2,2,0,2
scaled,1,1,0,1
suni,3,1,2,-1
silk,6,6,0,6
jan,11,6,5,1
deep,40,15,25,-10
playlists,7,5,2,3
flow,5,1,4,-3
girlier,1,1,0,1
brining,1,1,0,1
mums,1,0,1,-1
splashgrade,1,0,1,-1
micromanagy,1,0,1,-1
overflowing,1,0,1,-1
china,5,3,2,1
readaloud,1,0,1,-1
phone,383,141,242,-101
blacks,1,1,0,1
unfairly,3,3,0,3
deprecating,1,1,0,1
scene,36,15,21,-6
scrubbed,1,0,1,-1
masks,6,3,3,0
broke,115,45,70,-25
breadcrumbs,1,1,0,1
spencer,11,10,1,9
ardch,1,0,1,-1
birthplace,2,1,1,0
mothers,6,6,0,6
sabbatical,2,1,1,0
accomplishing,2,0,2,-2
relaxation,1,1,0,1
icey,1,1,0,1
shampoo,5,2,3,-1
omggg,1,1,0,1
naughty,2,2,0,2
labs,8,6,2,4
apologizing,6,2,4,-2
goods,5,1,4,-3
lwb,1,0,1,-1
downclimb,2,1,1,0
escargot,1,1,0,1
digging,20,6,14,-8
slipping,2,0,2,-2
screening,7,3,4,-1
ends,49,16,33,-17
transcripts,1,1,0,1
dbdb,1,1,0,1
timberland,2,2,0,2
wingman,1,1,0,1
fragments,2,2,0,2
nickname,35,13,22,-9
mod,1,1,0,1
preexisting,3,3,0,3
crazily,1,0,1,-1
rewriting,1,0,1,-1
mmmmm,9,9,0,9
criminal,1,1,0,1
prizes,9,6,3,3
cubbies,1,1,0,1
undertone,2,0,2,-2
cough,2,2,0,2
treads,2,0,2,-2
unsexy,1,1,0,1
retracted,2,1,1,0
pleasantness,1,1,0,1
confessed,2,1,1,0
april,42,9,33,-24
miriam,177,40,137,-97
flapping,1,0,1,-1
garret,10,0,10,-10
reflexes,1,1,0,1
gartland,6,5,1,4
mcentire,1,0,1,-1
unwarranted,3,3,0,3
forerunner,3,1,2,-1
billy,10,3,7,-4
offs,1,1,0,1
sparkles,2,0,2,-2
vantage,1,1,0,1
heyyyy,1,1,0,1
gentler,1,1,0,1
tolerable,7,2,5,-3
intervened,2,1,1,0
sighting,5,1,4,-3
nod,5,3,2,1
centers,1,0,1,-1
clarifying,2,0,2,-2
unwelcomed,1,1,0,1
month,232,86,146,-60
criticizing,1,1,0,1
ga,1,1,0,1
loop,25,11,14,-3
puberty,16,7,9,-2
thebellairs,2,0,2,-2
unsurprising,3,2,1,1
lycia,6,1,5,-4
debby,25,2,23,-21
duolingo,2,1,1,0
eva,1,1,0,1
finishes,5,1,4,-3
questioning,6,2,4,-2
rescued,2,1,1,0
vowed,1,0,1,-1
suns,1,1,0,1
callaghan,2,0,2,-2
jew,3,2,1,1
warm,30,6,24,-18
trips,32,11,21,-10
olympics,22,14,8,6
bay,6,1,5,-4
compelled,8,8,0,8
note,55,27,28,-1
megan,5,1,4,-3
bothers,11,1,10,-9
bridgers,14,3,11,-8
idiotic,1,1,0,1
gibbons,1,1,0,1
classics,3,2,1,1
ama,4,2,2,0
genres,7,2,5,-3
accepts,9,5,4,1
legolas,1,0,1,-1
seconded,1,0,1,-1
suppressing,1,1,0,1
momentary,2,2,0,2
speculation,3,1,2,-1
shipped,2,2,0,2
recurring,8,3,5,-2
koala,1,0,1,-1
unkindly,1,0,1,-1
thougy,2,2,0,2
tattooing,1,1,0,1
unplanned,1,0,1,-1
hvdvcmdl,1,0,1,-1
unsending,1,0,1,-1
cases,11,4,7,-3
cooktop,6,0,6,-6
prioritize,6,1,5,-4
invested,22,5,17,-12
formulated,2,2,0,2
dumb,195,48,147,-99
manifestations,1,0,1,-1
builders,2,0,2,-2
security,12,6,6,0
consultation,5,3,2,1
cartoons,1,1,0,1
repo,1,1,0,1
regulars,1,0,1,-1
vetior,6,6,0,6
enchanting,1,1,0,1
feeling,225,133,92,41
margit,1,1,0,1
stoked,32,28,4,24
connection,17,10,7,3
scramble,2,0,2,-2
averages,4,4,0,4
replaces,9,5,4,1
vibrations,3,0,3,-3
ial,1,1,0,1
akeelah,1,0,1,-1
canceller,3,0,3,-3
tow,3,1,2,-1
surprised,144,72,72,0
tuesdays,11,1,10,-9
pooped,12,1,11,-10
kneebars,2,2,0,2
stigmatize,1,0,1,-1
dozen,20,15,5,10
arboretum,1,0,1,-1
cultivate,1,1,0,1
feverishly,1,1,0,1
sponsorship,1,0,1,-1
full,250,87,163,-76
yacht,1,1,0,1
respected,5,2,3,-1
qualified,34,21,13,8
authorization,1,0,1,-1
ffs,21,17,4,13
california,19,6,13,-7
players,8,2,6,-4
grieving,1,1,0,1
pacific,2,2,0,2
stopped,110,50,60,-10
noam,1,1,0,1
entered,8,4,4,0
degrees,30,15,15,0
romantic,22,21,1,20
ukrainian,3,1,2,-1
dopest,3,3,0,3
rocket,5,2,3,-1
auggie,3,3,0,3
agressive,2,2,0,2
annoyed,104,31,73,-42
specializes,2,2,0,2
describe,63,23,40,-17
drawers,10,4,6,-2
soupyer,1,1,0,1
losangeles,1,0,1,-1
fenced,1,1,0,1
raccoons,4,1,3,-2
rocktok,3,0,3,-3
refuse,20,11,9,2
litters,1,0,1,-1
sublunary,1,1,0,1
missed,65,26,39,-13
sci,4,3,1,2
chapter,3,2,1,1
walmart,1,1,0,1
users,3,0,3,-3
midterm,2,0,2,-2
unmanageable,1,0,1,-1
shutting,3,2,1,1
immediate,22,8,14,-6
upgraded,4,2,2,0
conflating,1,1,0,1
utility,4,1,3,-2
ichi,10,2,8,-6
suits,5,2,3,-1
indulgent,3,3,0,3
findings,4,4,0,4
mcneill,2,0,2,-2
constant,17,10,7,3
hun,1,1,0,1
trickle,3,2,1,1
aspect,7,4,3,1
morocco,1,0,1,-1
cash,47,12,35,-23
proton,1,0,1,-1
kirky,7,0,7,-7
rebound,3,1,2,-1
notches,1,0,1,-1
devices,1,0,1,-1
reunited,3,0,3,-3
relationally,3,1,2,-1
referred,4,2,2,0
kash,1,0,1,-1
wuaaaahhh,2,2,0,2
wide,63,11,52,-41
hall,7,1,6,-5
intelligence,3,2,1,1
feared,1,1,0,1
sheher,1,1,0,1
vesper,4,2,2,0
pullman,4,2,2,0
stabilized,1,0,1,-1
adopting,4,3,1,2
essays,8,4,4,0
irony,3,1,2,-1
tortured,1,0,1,-1
eliminated,2,0,2,-2
dramatically,20,3,17,-14
bones,32,15,17,-2
shade,5,0,5,-5
watchos,2,2,0,2
whispering,3,0,3,-3
retirement,6,1,5,-4
fitting,15,6,9,-3
parents,212,68,144,-76
memo,3,2,1,1
footsteps,1,0,1,-1
trundle,2,2,0,2
flora,1,0,1,-1
seattletimes,2,0,2,-2
scarpa,5,0,5,-5
agreeing,9,2,7,-5
aooo,2,2,0,2
drmartens,1,1,0,1
dilineation,1,1,0,1
supervised,1,0,1,-1
accompany,1,1,0,1
humoring,1,0,1,-1
des,1,1,0,1
trekking,1,0,1,-1
sealer,2,1,1,0
locking,4,1,3,-2
dwellers,1,1,0,1
unreal,44,42,2,40
dispensing,2,2,0,2
shirtless,9,6,3,3
similarly,26,10,16,-6
deskkkkkkk,1,1,0,1
purchases,4,2,2,0
renovation,1,1,0,1
vain,1,0,1,-1
mcneil,2,0,2,-2
chase,26,6,20,-14
prices,28,12,16,-4
chosen,14,2,12,-10
irritable,1,1,0,1
fuckin,2,0,2,-2
impish,1,1,0,1
weighted,12,7,5,2
honestly,310,180,130,50
recreate,6,2,4,-2
norwegian,16,12,4,8
maximizing,2,1,1,0
advice,42,29,13,16
greeting,1,1,0,1
ratios,6,4,2,2
complains,3,0,3,-3
mentions,5,1,4,-3
conditional,3,2,1,1
effectiveness,2,2,0,2
queerness,1,1,0,1
orcanis,1,0,1,-1
sass,3,0,3,-3
scampee,1,0,1,-1
express,10,3,7,-4
rational,7,4,3,1
madly,4,4,0,4
handrail,3,3,0,3
bastards,2,2,0,2
crafting,1,0,1,-1
handlebar,2,0,2,-2
buyers,1,1,0,1
mercy,3,2,1,1
unlined,2,0,2,-2
matt,19,6,13,-7
weeeeeeeeeee,1,1,0,1
anecdote,1,1,0,1
belaying,1,1,0,1
toast,12,3,9,-6
upwards,3,1,2,-1
lenses,2,2,0,2
popsicles,1,1,0,1
tombstone,1,1,0,1
transcribe,3,3,0,3
canoodling,2,1,1,0
demonstrate,8,2,6,-4
red,186,72,114,-42
self,107,60,47,13
direction,52,14,38,-24
birthing,1,0,1,-1
pediatric,1,0,1,-1
establishing,1,0,1,-1
gas,67,27,40,-13
softness,2,1,1,0
aquarius,1,1,0,1
situations,37,15,22,-7
adequately,1,0,1,-1
balking,1,0,1,-1
sparkly,5,4,1,3
kent,10,4,6,-2
constitutes,1,0,1,-1
central,4,3,1,2
indicating,1,1,0,1
energy,123,34,89,-55
stnadofish,2,2,0,2
considering,33,13,20,-7
activities,6,3,3,0
endogeneity,1,0,1,-1
ballard,11,4,7,-3
perfection,1,0,1,-1
leaderly,1,0,1,-1
dads,32,25,7,18
monitored,1,0,1,-1
cosette,4,2,2,0
monsters,27,12,15,-3
deleting,5,3,2,1
judea,1,0,1,-1
remember,621,283,338,-55
fa,5,1,4,-3
lilshit,1,1,0,1
titled,7,1,6,-5
privacy,8,6,2,4
nooooo,16,12,4,8
flown,1,1,0,1
epitome,2,0,2,-2
zissou,1,0,1,-1
handprints,1,0,1,-1
limbo,1,1,0,1
,,,,
Total,1182296,,,
